1 0.834581 1.91317 1.08289
2 0.881516 1.71993 2.03753
3 0.90203 1.63058 3.01708
4 0.912703 1.57678 3.98362
5 0.91905 1.53823 4.96695
6 0.922782 1.50836 5.98363
7 0.925872 1.4838 6.94201
8 0.927845 1.46202 7.9105
9 0.930222 1.44268 8.875
10 0.931862 1.42514 9.83296
11 0.932837 1.40903 10.8323
12 0.934061 1.39382 11.8418
13 0.935511 1.38025 12.7791
14 0.936355 1.36708 13.8454
15 0.937198 1.35508 14.7931
16 0.938137 1.34406 15.8638
17 0.938423 1.33339 16.9267
18 0.939326 1.32269 17.8834
19 0.940087 1.31355 18.8634
20 0.940812 1.30395 19.8662
21 0.941109 1.29533 20.8275
22 0.941691 1.2867 21.7853
23 0.941786 1.27829 22.7408
24 0.942321 1.27067 23.7098
25 0.942285 1.26326 24.6572
26 0.942939 1.25564 25.7571
27 0.943307 1.24907 26.732
28 0.943652 1.2422 27.6687
29 0.943403 1.23596 28.6338
30 0.943712 1.22961 29.5749
31 0.944199 1.22359 30.5173
32 0.944508 1.21794 31.4621
33 0.944555 1.21228 32.4282
34 0.944853 1.20646 33.489
35 0.944698 1.2015 34.4524
36 0.945162 1.19623 35.3922
37 0.945197 1.19129 36.3556
38 0.945066 1.18654 37.4447
39 0.945411 1.18178 38.5248
40 0.945732 1.17712 39.4715
41 0.945494 1.17243 40.5558
42 0.945542 1.16817 41.4965
43 0.945887 1.16402 42.4359
44 0.945958 1.15977 43.3906
45 0.946326 1.15581 44.478
46 0.945993 1.15177 45.4422
47 0.946207 1.14812 46.4343
48 0.946552 1.1442 47.3987
49 0.946445 1.14063 48.3764
50 0.946386 1.13717 49.3254
51 0.94654 1.13356 50.36
52 0.946421 1.13022 51.2995
53 0.946683 1.12662 52.2553
54 0.946968 1.12345 53.372
55 0.946873 1.12033 54.4589
56 0.947063 1.11721 55.5681
57 0.947265 1.11409 56.5493
58 0.947241 1.11097 57.5356
59 0.947218 1.10821 58.522
60 0.947087 1.10519 59.5171
61 0.947764 1.10268 60.5084
62 0.947491 1.09971 61.4629
63 0.94723 1.09715 62.5328
64 0.947598 1.09437 63.4922
65 0.94736 1.09174 64.5922
66 0.947289 1.08923 65.552
67 0.947883 1.08658 66.5129
68 0.94742 1.08426 67.5899
69 0.947574 1.0818 68.5536
70 0.947657 1.07951 69.4877
71 0.947574 1.07732 70.4278
72 0.947634 1.07493 71.3552
73 0.947812 1.07265 72.2896
74 0.947859 1.07044 73.2351
75 0.94805 1.06823 74.2132
76 0.947943 1.06606 75.1911
77 0.947919 1.06397 76.1592
78 0.947931 1.06176 77.2679
79 0.94824 1.05985 78.3279
80 0.948454 1.05789 79.4121
81 0.948121 1.05593 80.359
82 0.948513 1.05406 81.3028
83 0.948323 1.0523 82.3947
84 0.948406 1.05037 83.3415
85 0.948359 1.04854 84.3167
86 0.948347 1.04677 85.2879
87 0.94818 1.04498 86.3048
88 0.948299 1.04327 87.2671
89 0.94824 1.04173 88.2095
90 0.94862 1.04002 89.2016
91 0.948311 1.03827 90.1803
92 0.948026 1.03668 91.1508
93 0.948287 1.03506 92.1167
94 0.948216 1.0334 93.2209
95 0.948371 1.03204 94.1893
96 0.948406 1.03052 95.1933
97 0.948418 1.02886 96.1712
98 0.948323 1.02742 97.1342
99 0.948323 1.02586 98.2407
100 0.948311 1.02468 99.3426
