1 0.839407 1.66497 0.245966
2 0.903254 1.60387 0.456474
3 0.9188 1.52957 0.692677
4 0.925587 1.47726 0.960626
5 0.929235 1.43576 1.16433
6 0.932159 1.40175 1.37183
7 0.933621 1.37338 1.63124
8 0.935439 1.34777 1.84345
9 0.935998 1.32529 2.10632
10 0.937115 1.30528 2.32226
11 0.937947 1.28706 2.53325
12 0.938589 1.27079 2.75658
13 0.939433 1.2555 2.9927
14 0.939718 1.24142 3.21867
15 0.940158 1.22842 3.41584
16 0.941073 1.21647 3.61862
17 0.941156 1.20488 3.83973
18 0.940895 1.19446 4.0577
19 0.94156 1.18433 4.26826
20 0.941727 1.17487 4.47911
21 0.942155 1.166 4.65811
22 0.941834 1.15779 4.85216
23 0.94238 1.14974 5.07809
24 0.942666 1.14209 5.28867
25 0.942796 1.13501 5.48712
26 0.942951 1.12822 5.69726
27 0.943331 1.12137 5.94032
28 0.943462 1.1153 6.16248
29 0.943616 1.10946 6.39535
30 0.9437 1.10369 6.62696
31 0.943545 1.09814 6.8478
32 0.944056 1.09302 7.09214
33 0.943949 1.08786 7.33131
34 0.944056 1.08324 7.55859
35 0.944258 1.07866 7.75735
36 0.943997 1.07413 7.97633
37 0.944413 1.06984 8.2084
38 0.944543 1.06582 8.4084
39 0.94452 1.06168 8.63983
40 0.944496 1.0579 8.86247
41 0.944995 1.0542 9.07061
42 0.944888 1.05068 9.26899
43 0.944864 1.04718 9.43563
44 0.945043 1.04385 9.64262
45 0.945423 1.04071 9.87183
46 0.945304 1.03772 10.0855
47 0.94515 1.03458 10.2985
48 0.945387 1.0318 10.4784
49 0.945423 1.02893 10.6837
50 0.945661 1.02624 10.9041
51 0.945625 1.02377 11.1146
52 0.945589 1.0212 11.333
53 0.945554 1.01872 11.5478
54 0.945661 1.01641 11.7874
55 0.945851 1.01393 12.0109
56 0.94578 1.01185 12.2293
57 0.945839 1.00936 12.4577
58 0.946089 1.00743 12.6603
59 0.946029 1.00553 12.8724
60 0.945744 1.00334 13.0903
61 0.945851 1.00162 13.3032
62 0.946053 0.999599 13.5048
63 0.945934 0.997881 13.7389
64 0.94597 0.995938 13.9926
65 0.945898 0.994351 14.214
66 0.9461 0.992718 14.3787
67 0.9461 0.990913 14.6166
68 0.945958 0.98936 14.8009
69 0.946053 0.987769 15.0029
70 0.946065 0.986201 15.2463
71 0.946077 0.98479 15.4365
72 0.945887 0.983468 15.6468
73 0.946053 0.982116 15.8418
74 0.946231 0.980814 16.0476
75 0.946279 0.979512 16.2863
76 0.946219 0.978243 16.5139
77 0.946196 0.976967 16.7219
78 0.946053 0.975763 16.9354
79 0.946041 0.974735 17.146
80 0.946326 0.973492 17.3613
81 0.946184 0.972297 17.5899
82 0.946207 0.971328 17.795
83 0.946255 0.970195 18.0282
84 0.946065 0.969266 18.2347
85 0.946029 0.968296 18.4567
86 0.946136 0.967423 18.662
87 0.946077 0.966423 18.8556
88 0.946314 0.965347 19.0957
89 0.946279 0.964268 19.2885
90 0.946314 0.963681 19.5253
91 0.946136 0.96285 19.7461
92 0.946219 0.96201 19.9863
93 0.94635 0.961131 20.1923
94 0.946267 0.960407 20.4175
95 0.946279 0.95957 20.6207
96 0.946623 0.95874 20.8276
97 0.946635 0.957911 21.0609
98 0.94654 0.95734 21.2781
99 0.946469 0.956701 21.4685
100 0.946112 0.955995 21.6838
