1 0.836221 1.92118 0.142675
2 0.88356 1.72333 0.267361
3 0.905073 1.63462 0.393453
4 0.914807 1.58114 0.518819
5 0.920939 1.54279 0.640269
6 0.924493 1.51394 0.777562
7 0.927559 1.48862 0.898557
8 0.929818 1.46735 1.01915
9 0.931565 1.44796 1.13853
10 0.933597 1.43053 1.26061
11 0.934322 1.41422 1.38239
12 0.935332 1.39932 1.50275
13 0.936485 1.38599 1.62747
14 0.936996 1.37255 1.75636
15 0.937805 1.36057 1.87456
16 0.938708 1.34881 2.01179
17 0.93973 1.33845 2.12772
18 0.940336 1.32802 2.25583
19 0.940645 1.31826 2.3968
20 0.941085 1.30911 2.52989
21 0.941715 1.30017 2.67076
22 0.941941 1.29145 2.79511
23 0.942155 1.283 2.91278
24 0.942392 1.27522 3.03083
25 0.942796 1.26763 3.15148
26 0.943236 1.26036 3.27277
27 0.943509 1.25324 3.39291
28 0.944163 1.24646 3.51602
29 0.943973 1.24005 3.63347
30 0.943914 1.23383 3.7547
31 0.944163 1.22782 3.8755
32 0.944639 1.22206 4.01572
33 0.944615 1.21607 4.13862
34 0.944437 1.21059 4.26356
35 0.944995 1.20515 4.38004
36 0.945102 1.2001 4.50392
37 0.945268 1.19523 4.62253
38 0.945316 1.19007 4.74777
39 0.945851 1.18531 4.863
40 0.945637 1.18078 4.99515
41 0.946219 1.17602 5.10977
42 0.946053 1.17181 5.22799
43 0.9461 1.16748 5.34972
44 0.946398 1.16326 5.46817
45 0.946457 1.15902 5.59636
46 0.946469 1.15502 5.72327
47 0.946659 1.15134 5.84405
48 0.946849 1.14741 5.97242
49 0.946956 1.14401 6.103
50 0.946778 1.14008 6.22458
51 0.946814 1.1368 6.34321
52 0.947289 1.1332 6.46857
53 0.947063 1.12979 6.58981
54 0.947669 1.1264 6.73761
55 0.947764 1.12321 6.8993
56 0.947539 1.12023 7.04775
57 0.947479 1.11714 7.17105
58 0.947479 1.11394 7.2995
59 0.947919 1.1109 7.41569
60 0.947693 1.10815 7.54446
61 0.947669 1.10522 7.67456
62 0.948026 1.10262 7.81225
63 0.947871 1.09987 7.93897
64 0.947669 1.09726 8.06228
65 0.948014 1.09454 8.18814
66 0.947776 1.09199 8.3097
67 0.947705 1.08945 8.43261
68 0.947871 1.08704 8.55013
69 0.947515 1.0848 8.67705
70 0.948062 1.08219 8.79779
71 0.948014 1.07984 8.91854
72 0.947812 1.07771 9.04303
73 0.948026 1.0753 9.16618
74 0.948062 1.07329 9.28905
75 0.948097 1.07094 9.41032
76 0.948632 1.06886 9.52857
77 0.948121 1.06672 9.64912
78 0.948275 1.06453 9.76876
79 0.948216 1.06271 9.88834
80 0.948656 1.06059 10.0076
81 0.948549 1.05874 10.1324
82 0.948513 1.05672 10.2559
83 0.948442 1.05475 10.3816
84 0.94843 1.05291 10.5202
85 0.948846 1.05113 10.6706
86 0.949024 1.04916 10.8156
87 0.948763 1.04744 10.9412
88 0.949012 1.0457 11.069
89 0.948739 1.04405 11.1963
90 0.949119 1.04238 11.3347
91 0.949286 1.04073 11.4648
92 0.949203 1.03914 11.6193
93 0.949012 1.03747 11.7624
94 0.949024 1.03595 11.9106
95 0.948965 1.03427 12.052
96 0.949012 1.03291 12.1871
97 0.949143 1.03142 12.3145
98 0.94925 1.02963 12.4424
99 0.948905 1.02837 12.5719
100 0.949203 1.02683 12.7304
