1 0.839858 1.70536 0.172858
2 0.897775 1.63478 0.328493
3 0.91615 1.56315 0.478528
4 0.92441 1.50963 0.61698
5 0.928094 1.46787 0.779421
6 0.931363 1.4331 0.929837
7 0.932908 1.40357 1.06392
8 0.934809 1.37781 1.23758
9 0.935641 1.35494 1.38849
10 0.936699 1.33438 1.53306
11 0.937769 1.31619 1.6743
12 0.93784 1.2995 1.80602
13 0.938506 1.28339 1.94258
14 0.939385 1.26934 2.07725
15 0.93954 1.25609 2.22678
16 0.939706 1.24338 2.3772
17 0.940479 1.23175 2.51311
18 0.941049 1.22085 2.65168
19 0.940812 1.2108 2.79328
20 0.94093 1.20105 2.91592
21 0.941822 1.19212 3.03784
22 0.942214 1.18325 3.15245
23 0.942178 1.17509 3.25757
24 0.942475 1.16725 3.36379
25 0.942404 1.16023 3.46398
26 0.942547 1.15311 3.58445
27 0.942963 1.14646 3.71139
28 0.942784 1.1402 3.83614
29 0.943082 1.13387 3.98025
30 0.943331 1.12819 4.07909
31 0.943093 1.12231 4.18251
32 0.943783 1.11706 4.30077
33 0.943509 1.11201 4.42409
34 0.943771 1.10713 4.55256
35 0.943866 1.10245 4.6801
36 0.943616 1.0978 4.78384
37 0.944139 1.09357 4.89453
38 0.943747 1.08929 5.01263
39 0.944032 1.08498 5.13674
40 0.944437 1.08119 5.26298
41 0.944187 1.07769 5.38448
42 0.944199 1.07366 5.55042
43 0.944341 1.07019 5.71373
44 0.944508 1.06691 5.83617
45 0.944627 1.0635 5.97396
46 0.944567 1.06048 6.08719
47 0.944757 1.0572 6.19888
48 0.944734 1.05416 6.32636
49 0.945173 1.05137 6.4859
50 0.944781 1.04855 6.63731
51 0.944995 1.04571 6.77916
52 0.944734 1.04331 6.93905
53 0.944853 1.04057 7.08445
54 0.945114 1.03833 7.2032
55 0.944948 1.03577 7.32702
56 0.945019 1.0336 7.50794
57 0.945138 1.03127 7.6562
58 0.944912 1.02905 7.82727
59 0.945055 1.02686 7.96282
60 0.945304 1.02474 8.11165
61 0.945435 1.02276 8.26845
62 0.945696 1.02098 8.43113
63 0.945518 1.01895 8.58782
64 0.945554 1.01717 8.73317
65 0.945304 1.01542 8.86794
66 0.945435 1.0136 8.9992
67 0.94553 1.01179 9.12975
68 0.945554 1.01062 9.26658
69 0.945637 1.00889 9.40918
70 0.945399 1.00717 9.54624
71 0.945554 1.00568 9.66907
72 0.945637 1.00406 9.78182
73 0.945875 1.00281 9.90988
74 0.945744 1.00131 10.0651
75 0.945839 0.999876 10.2177
76 0.945684 0.998692 10.3435
77 0.945875 0.997269 10.4791
78 0.94572 0.996174 10.5897
79 0.945684 0.995031 10.7042
80 0.945791 0.993583 10.8254
81 0.945827 0.992441 10.9558
82 0.945958 0.991231 11.0698
83 0.945922 0.990215 11.206
84 0.945934 0.98925 11.3236
85 0.945744 0.98797 11.4572
86 0.945875 0.986943 11.607
87 0.945958 0.986112 11.7209
88 0.945863 0.985171 11.8539
89 0.94578 0.984105 11.9802
90 0.945696 0.983459 12.0985
91 0.945946 0.982193 12.264
92 0.94572 0.981484 12.4118
93 0.946089 0.980284 12.5554
94 0.945875 0.979711 12.6853
95 0.946017 0.978849 12.8312
96 0.946184 0.978045 12.9599
97 0.945993 0.977077 13.0918
98 0.9461 0.976496 13.2518
99 0.946231 0.975843 13.4009
100 0.945898 0.975087 13.5319
