1 0.817371 1.7827 0.171388
2 0.881302 1.72573 0.31903
3 0.897656 1.67343 0.445098
4 0.907153 1.63996 0.587863
5 0.91256 1.61442 0.718136
6 0.916589 1.59292 0.844681
7 0.919549 1.57424 0.973438
8 0.922069 1.55751 1.11749
9 0.924065 1.54248 1.26065
10 0.926264 1.52836 1.38539
11 0.927595 1.5153 1.50057
12 0.928903 1.50329 1.62952
13 0.929782 1.49218 1.74698
14 0.931268 1.4814 1.86802
15 0.932123 1.47134 1.98916
16 0.933039 1.46168 2.11221
17 0.93393 1.45275 2.26662
18 0.934346 1.44394 2.37685
19 0.935285 1.43568 2.51121
20 0.935511 1.42765 2.64412
21 0.936212 1.42 2.76672
22 0.936485 1.41256 2.89253
23 0.936854 1.4054 3.0215
24 0.937353 1.39844 3.14071
25 0.938018 1.3919 3.26236
26 0.938565 1.38523 3.38442
27 0.9391 1.37912 3.49472
28 0.939528 1.37306 3.63049
29 0.939706 1.36712 3.77233
30 0.940087 1.36146 3.90268
31 0.9403 1.35578 4.01963
32 0.940657 1.35047 4.14193
33 0.9408 1.34509 4.25996
34 0.940966 1.33999 4.37785
35 0.941477 1.33496 4.49626
36 0.941584 1.33009 4.6151
37 0.941632 1.3254 4.74192
38 0.942024 1.32062 4.85479
39 0.942071 1.31621 4.98749
40 0.942071 1.31179 5.11574
41 0.942416 1.30734 5.23392
42 0.942368 1.30316 5.3735
43 0.942642 1.29897 5.49508
44 0.942987 1.29478 5.63077
45 0.943022 1.29085 5.77615
46 0.943296 1.28696 5.8992
47 0.943284 1.28314 6.02703
48 0.943272 1.27954 6.13791
49 0.943652 1.27573 6.26026
50 0.943581 1.27202 6.37459
51 0.943771 1.26861 6.48544
52 0.943818 1.26513 6.61787
53 0.944377 1.26165 6.75648
54 0.944139 1.25833 6.8866
55 0.944472 1.25499 7.01779
56 0.944484 1.25174 7.14229
57 0.944484 1.24846 7.27283
58 0.944757 1.24539 7.40524
59 0.9449 1.24228 7.54509
60 0.944746 1.23933 7.66996
61 0.944793 1.23642 7.79563
62 0.945102 1.2334 7.91542
63 0.945233 1.23061 8.03629
64 0.945257 1.22781 8.15853
65 0.945589 1.22482 8.3073
66 0.945435 1.22211 8.45484
67 0.945637 1.21938 8.6011
68 0.945494 1.21673 8.72222
69 0.945673 1.21403 8.85195
70 0.945839 1.21158 8.99755
71 0.945946 1.209 9.12053
72 0.945946 1.20633 9.2538
73 0.946255 1.20396 9.3761
74 0.946005 1.20157 9.50165
75 0.946041 1.19912 9.63237
76 0.945946 1.19674 9.75558
77 0.946374 1.19434 9.87749
78 0.946505 1.19206 9.99636
79 0.946493 1.18972 10.1216
80 0.946409 1.18745 10.2635
81 0.946552 1.1852 10.4064
82 0.946564 1.18304 10.5318
83 0.946552 1.1809 10.6584
84 0.946623 1.17878 10.7884
85 0.946849 1.1766 10.9033
86 0.946921 1.17453 11.0289
87 0.946849 1.17242 11.1527
88 0.946707 1.17045 11.2614
89 0.94698 1.16843 11.3738
90 0.947004 1.16647 11.5151
91 0.947004 1.16456 11.6403
92 0.947004 1.16263 11.7645
93 0.947087 1.16071 11.8865
94 0.947301 1.15881 12.0109
95 0.94742 1.15694 12.1288
96 0.947384 1.15505 12.2496
97 0.94742 1.15311 12.3768
98 0.947087 1.15143 12.5085
99 0.947265 1.14956 12.6433
100 0.947455 1.14781 12.7607
