1 0.836153 1.89966 0.679634
2 0.838805 1.65917 1.34817
3 0.841264 1.56714 2.02299
4 0.842019 1.50777 2.69751
5 0.842406 1.47952 3.38285
6 0.84167 1.45476 4.0542
7 0.841825 1.44009 4.71832
8 0.841825 1.42753 5.40126
9 0.843896 1.43069 6.07741
10 0.845019 1.41361 6.76053
11 0.845871 1.41463 7.42925
12 0.846045 1.41455 8.09953
13 0.847381 1.40834 8.76463
14 0.84742 1.40464 9.45547
15 0.848465 1.3925 10.1413
16 0.84862 1.39974 10.8262
17 0.849684 1.39194 11.4981
18 0.850827 1.39139 12.17
19 0.850536 1.3919 12.8535
20 0.852027 1.38672 13.5486
21 0.852298 1.38255 14.2224
22 0.851504 1.39343 14.9
23 0.853672 1.38077 15.5845
24 0.852917 1.38273 16.2588
25 0.853285 1.37737 16.9166
26 0.852278 1.37994 17.595
27 0.85375 1.37806 18.2728
28 0.854989 1.37405 18.9493
29 0.853846 1.38001 19.6184
30 0.854021 1.37816 20.2852
31 0.854524 1.37199 20.9493
32 0.854563 1.37309 21.6164
33 0.853808 1.37665 22.2903
34 0.854234 1.37123 22.9743
35 0.855434 1.37112 23.6688
36 0.854989 1.37891 24.3559
37 0.855047 1.3785 25.0337
38 0.854582 1.36985 25.7203
39 0.85464 1.37336 26.4083
40 0.855937 1.37262 27.0786
41 0.855724 1.36576 27.7593
42 0.854679 1.37147 28.4372
43 0.854659 1.37602 29.112
44 0.855047 1.36916 29.7899
45 0.854814 1.3698 30.4637
46 0.85464 1.36844 31.1356
47 0.855434 1.3701 31.8207
48 0.855879 1.36757 32.5145
49 0.855666 1.36529 33.1813
50 0.855337 1.3703 33.8492
51 0.855666 1.36644 34.5155
52 0.856169 1.37169 35.1758
53 0.85524 1.36635 35.8551
54 0.855318 1.36971 36.5325
55 0.854001 1.36878 37.2084
56 0.854698 1.36688 37.874
57 0.854485 1.37155 38.5385
58 0.854601 1.3636 39.1944
59 0.85526 1.36528 39.8597
60 0.855279 1.36245 40.5386
61 0.85584 1.35955 41.2009
62 0.855356 1.36827 41.8883
63 0.854795 1.36941 42.5707
64 0.854582 1.36749 43.2522
65 0.855744 1.36087 43.9203
66 0.85644 1.3655 44.5884
67 0.854969 1.36488 45.2565
68 0.856905 1.36468 45.9301
69 0.855608 1.3624 46.6017
70 0.855744 1.3715 47.2801
71 0.855956 1.36601 47.9324
72 0.856499 1.36508 48.6018
73 0.85526 1.36313 49.2681
74 0.855705 1.3664 49.9398
75 0.856208 1.3624 50.6098
76 0.855356 1.36503 51.2776
77 0.854582 1.36654 51.9461
78 0.855589 1.36172 52.607
79 0.857312 1.36427 53.2664
80 0.85555 1.36089 53.9332
81 0.856208 1.3664 54.6045
82 0.856499 1.36158 55.28
83 0.856073 1.36326 55.9484
84 0.854388 1.36574 56.6149
85 0.855453 1.36702 57.2893
86 0.85526 1.36622 57.9551
87 0.855492 1.36301 58.6273
88 0.855782 1.36574 59.2944
89 0.85677 1.36303 59.9585
90 0.855763 1.35935 60.6535
91 0.854892 1.36447 61.3664
92 0.855879 1.35752 62.0302
93 0.855047 1.36485 62.7006
94 0.855995 1.36172 63.3768
95 0.856227 1.36029 64.0504
96 0.855202 1.36227 64.7129
97 0.855744 1.36137 65.3761
98 0.856111 1.35922 66.0499
99 0.85615 1.36211 66.7172
100 0.855589 1.36197 67.39
