1 0.836734 1.86633 0.202862
2 0.836966 1.63472 0.364977
3 0.838166 1.53384 0.480088
4 0.838612 1.48495 0.622047
5 0.839347 1.46415 0.751074
6 0.838263 1.43819 0.892126
7 0.838999 1.41998 1.03368
8 0.842754 1.40408 1.19313
9 0.843316 1.40124 1.34979
10 0.844303 1.39388 1.49842
11 0.84498 1.39022 1.6527
12 0.84802 1.37757 1.79062
13 0.846723 1.38222 1.96418
14 0.847013 1.37911 2.10552
15 0.84802 1.37836 2.24465
16 0.847691 1.37019 2.40032
17 0.850285 1.36944 2.54061
18 0.849278 1.36817 2.66313
19 0.84953 1.36376 2.82359
20 0.850556 1.36207 2.97404
21 0.851446 1.35681 3.14314
22 0.852066 1.35977 3.29006
23 0.850846 1.36248 3.41934
24 0.851504 1.36093 3.58438
25 0.853208 1.35628 3.73533
26 0.851272 1.35601 3.90219
27 0.852182 1.35127 4.05495
28 0.852162 1.35427 4.19821
29 0.853517 1.35188 4.35266
30 0.853634 1.35487 4.5111
31 0.851949 1.34942 4.67472
32 0.85404 1.34717 4.83134
33 0.853866 1.35249 4.9632
34 0.853905 1.34565 5.10681
35 0.852859 1.34489 5.24085
36 0.852937 1.34895 5.39019
37 0.85344 1.34523 5.52681
38 0.854214 1.34485 5.6786
39 0.85222 1.34885 5.82383
40 0.851814 1.34931 5.96011
41 0.852879 1.34335 6.10979
42 0.854466 1.34146 6.25141
43 0.852879 1.35212 6.3876
44 0.853382 1.34242 6.55071
45 0.852743 1.34516 6.69133
46 0.85313 1.34598 6.84809
47 0.855047 1.3414 7.01563
48 0.852704 1.34394 7.13936
49 0.85282 1.34211 7.28371
50 0.853033 1.34027 7.41193
51 0.852046 1.3435 7.56611
52 0.854505 1.34558 7.73266
53 0.853401 1.34331 7.87937
54 0.854098 1.33603 8.0178
55 0.854156 1.34156 8.17037
56 0.85375 1.34225 8.2957
57 0.85344 1.33848 8.43726
58 0.853885 1.33919 8.56646
59 0.853943 1.33981 8.71062
60 0.853963 1.34069 8.86086
61 0.853459 1.33906 9.01142
62 0.854659 1.33471 9.14951
63 0.854621 1.3437 9.29565
64 0.853846 1.34181 9.45921
65 0.852898 1.33882 9.62383
66 0.853982 1.34026 9.76088
67 0.853537 1.34356 9.91342
68 0.853382 1.34159 10.0598
69 0.854098 1.34198 10.2474
70 0.852724 1.33774 10.4082
71 0.854872 1.33941 10.5436
72 0.853459 1.33925 10.6864
73 0.854253 1.33824 10.8226
74 0.852395 1.34343 10.9653
75 0.853634 1.33585 11.1253
76 0.852879 1.34184 11.2888
77 0.853517 1.33738 11.4454
78 0.852898 1.33941 11.6325
79 0.853014 1.34101 11.805
80 0.853498 1.33708 11.9511
81 0.853653 1.33773 12.1002
82 0.853324 1.33616 12.2496
83 0.852859 1.34088 12.3871
84 0.852879 1.34118 12.5225
85 0.85313 1.34064 12.6537
86 0.854195 1.3366 12.7964
87 0.855008 1.33713 12.921
88 0.854679 1.3369 13.0831
89 0.855202 1.33622 13.2142
90 0.853692 1.33604 13.3494
91 0.853091 1.33896 13.4926
92 0.854447 1.33303 13.6403
93 0.854059 1.33466 13.817
94 0.853556 1.33712 13.9576
95 0.853982 1.33819 14.1247
96 0.853924 1.33346 14.2814
97 0.854059 1.33575 14.4509
98 0.853846 1.33615 14.6023
99 0.853788 1.33675 14.7656
100 0.85433 1.33336 14.9472
