1 0.83383 1.85748 0.503765
2 0.83685 1.62605 0.99771
3 0.83805 1.53004 1.53413
4 0.840276 1.48725 2.01567
5 0.840625 1.4579 2.55408
6 0.841728 1.43548 3.05206
7 0.842096 1.41578 3.49715
8 0.843083 1.40556 4.01265
9 0.841961 1.39918 4.52746
10 0.844864 1.38881 5.0316
11 0.844574 1.38608 5.53555
12 0.845387 1.37907 6.03925
13 0.846548 1.3783 6.5739
14 0.847303 1.36973 7.08628
15 0.848291 1.37223 7.56161
16 0.849297 1.3613 8.10978
17 0.848504 1.36202 8.63082
18 0.849568 1.36141 9.10728
19 0.851194 1.35786 9.60991
20 0.850981 1.35853 10.0911
21 0.851291 1.35343 10.5831
22 0.852007 1.35303 11.0699
23 0.851678 1.35274 11.6139
24 0.852685 1.35225 12.1604
25 0.852743 1.34788 12.6106
26 0.851736 1.35797 13.0559
27 0.852917 1.35116 13.5551
28 0.853401 1.3496 14.0592
29 0.855221 1.34686 14.5704
30 0.854698 1.34834 15.1078
31 0.853401 1.34713 15.6095
32 0.854872 1.34901 16.1288
33 0.854872 1.34414 16.6479
34 0.85435 1.3415 17.1014
35 0.854098 1.34772 17.6199
36 0.855318 1.34328 18.1021
37 0.854505 1.34406 18.6214
38 0.854718 1.3452 19.1491
39 0.854911 1.34082 19.6645
40 0.85555 1.33948 20.1805
41 0.854659 1.34554 20.6916
42 0.855124 1.34447 21.1968
43 0.854989 1.34132 21.6911
44 0.854737 1.34187 22.221
45 0.854543 1.33947 22.7053
46 0.85404 1.34434 23.2424
47 0.855589 1.34099 23.694
48 0.854156 1.33672 24.2268
49 0.854679 1.33974 24.6733
50 0.854485 1.33813 25.1909
51 0.854466 1.3408 25.7041
52 0.855647 1.33998 26.2444
53 0.854079 1.33653 26.7743
54 0.855279 1.33357 27.2757
55 0.855124 1.34126 27.7193
56 0.85464 1.34143 28.227
57 0.855008 1.33858 28.7285
58 0.854931 1.33532 29.2341
59 0.855744 1.33488 29.714
60 0.854234 1.33564 30.1981
61 0.854292 1.33873 30.7232
62 0.855085 1.33932 31.2458
63 0.855163 1.3304 31.765
64 0.855105 1.33766 32.247
65 0.855453 1.33829 32.7568
66 0.854931 1.33339 33.294
67 0.853924 1.3322 33.7785
68 0.855337 1.33148 34.2936
69 0.855937 1.33227 34.8379
70 0.85433 1.33451 35.2832
71 0.85615 1.33374 35.7535
72 0.854582 1.33885 36.2618
73 0.855027 1.33324 36.7902
74 0.85615 1.33119 37.3309
75 0.85737 1.33299 37.8181
76 0.856189 1.33778 38.3477
77 0.854234 1.33669 38.8517
78 0.855511 1.33363 39.3536
79 0.855473 1.33574 39.8956
80 0.856169 1.33132 40.3768
81 0.855318 1.33658 40.8365
82 0.855569 1.33315 41.329
83 0.855608 1.33329 41.7924
84 0.855763 1.33521 42.2452
85 0.854679 1.32909 42.7757
86 0.854718 1.33415 43.3051
87 0.855298 1.32868 43.79
88 0.85373 1.33307 44.2614
89 0.855414 1.33549 44.7744
90 0.853595 1.33513 45.3308
91 0.855395 1.33334 45.8257
92 0.85524 1.33191 46.3162
93 0.856576 1.32595 46.8457
94 0.855782 1.33349 47.3857
95 0.85586 1.33149 47.8419
96 0.855802 1.32979 48.3595
97 0.855356 1.33119 48.8766
98 0.855279 1.33333 49.3384
99 0.854834 1.33663 49.8544
100 0.856518 1.33173 50.3668
