1 0.834546 1.88098 0.132205
2 0.836153 1.64873 0.256359
3 0.837799 1.55333 0.383235
4 0.837741 1.50435 0.467665
5 0.838747 1.46905 0.551004
6 0.839367 1.44756 0.65584
7 0.839192 1.42657 0.751546
8 0.841593 1.40923 0.829483
9 0.843103 1.41023 0.932758
10 0.843451 1.40082 1.03815
11 0.844613 1.39581 1.15167
12 0.845445 1.3826 1.28075
13 0.846219 1.38303 1.39841
14 0.84771 1.37774 1.50933
15 0.8462 1.38035 1.6123
16 0.847536 1.37111 1.73929
17 0.848349 1.3698 1.8943
18 0.84802 1.37146 2.00941
19 0.850226 1.36387 2.13444
20 0.85042 1.36987 2.22753
21 0.852278 1.36715 2.3279
22 0.85102 1.3596 2.42645
23 0.853614 1.36033 2.51822
24 0.852724 1.36269 2.60843
25 0.85282 1.36578 2.69415
26 0.853653 1.36106 2.78097
27 0.853285 1.36106 2.87023
28 0.85373 1.35643 2.95661
29 0.85193 1.35279 3.05131
30 0.854679 1.35447 3.15163
31 0.852879 1.3542 3.23875
32 0.853672 1.35064 3.34927
33 0.854292 1.35272 3.44242
34 0.854543 1.35522 3.53056
35 0.854059 1.34816 3.63607
36 0.854601 1.35691 3.73561
37 0.853498 1.35143 3.81754
38 0.85375 1.34854 3.9068
39 0.854447 1.35306 4.00414
40 0.85524 1.34811 4.09247
41 0.853537 1.35183 4.17233
42 0.85464 1.34823 4.25755
43 0.855318 1.35118 4.3378
44 0.854892 1.34899 4.42828
45 0.854834 1.34116 4.52767
46 0.854892 1.34761 4.61312
47 0.854601 1.34923 4.71534
48 0.855318 1.34786 4.82355
49 0.854834 1.34393 4.93951
50 0.854814 1.34806 5.04635
51 0.855453 1.34452 5.1514
52 0.853846 1.34611 5.27747
53 0.855531 1.34611 5.36527
54 0.854272 1.34813 5.44643
55 0.854795 1.34989 5.53319
56 0.855008 1.34559 5.61972
57 0.854989 1.34219 5.71295
58 0.855182 1.34644 5.79544
59 0.854098 1.3502 5.87432
60 0.855027 1.34012 5.95285
61 0.855589 1.34131 6.04793
62 0.854485 1.34365 6.1393
63 0.855163 1.34374 6.22201
64 0.855434 1.34462 6.33664
65 0.852995 1.34547 6.43602
66 0.854292 1.34794 6.52044
67 0.854892 1.34288 6.61062
68 0.854388 1.34419 6.72063
69 0.854872 1.34172 6.84021
70 0.854718 1.34356 6.92954
71 0.855337 1.34488 7.01416
72 0.855105 1.34137 7.12336
73 0.855531 1.34449 7.22745
74 0.854117 1.34401 7.34734
75 0.855066 1.34057 7.44972
76 0.855744 1.34024 7.55721
77 0.854253 1.34382 7.66198
78 0.854892 1.34846 7.76488
79 0.854969 1.34091 7.87396
80 0.855008 1.33659 7.99782
81 0.854563 1.34606 8.10296
82 0.856944 1.33611 8.18939
83 0.855821 1.34152 8.284
84 0.855143 1.3397 8.38458
85 0.854253 1.34479 8.50067
86 0.855182 1.3418 8.60617
87 0.855647 1.34845 8.69302
88 0.854176 1.34498 8.82522
89 0.855279 1.34108 8.92597
90 0.854814 1.34038 9.02232
91 0.854776 1.34596 9.12462
92 0.855589 1.34194 9.21945
93 0.855027 1.3423 9.32746
94 0.855027 1.34377 9.42464
95 0.855376 1.33576 9.52316
96 0.854466 1.34021 9.6138
97 0.854447 1.3385 9.69842
98 0.854853 1.34421 9.7828
99 0.856073 1.3383 9.86617
100 0.854137 1.33804 9.96823
