1 0.834721 1.87153 0.281881
2 0.836773 1.63968 0.590992
3 0.840877 1.54556 0.83813
4 0.840567 1.50054 1.12894
5 0.840625 1.47007 1.42404
6 0.840354 1.44253 1.72293
7 0.841535 1.42761 2.0161
8 0.841225 1.41509 2.2622
9 0.845368 1.41204 2.58757
10 0.844148 1.40151 2.87612
11 0.846181 1.39989 3.189
12 0.847032 1.39142 3.4679
13 0.846897 1.39642 3.73633
14 0.847981 1.38781 4.05618
15 0.849665 1.39013 4.34066
16 0.849955 1.38346 4.6596
17 0.850052 1.37769 4.93716
18 0.851659 1.37642 5.2219
19 0.850304 1.3774 5.49544
20 0.851407 1.37761 5.79255
21 0.851717 1.37523 6.0891
22 0.852201 1.37577 6.37914
23 0.852414 1.36946 6.66022
24 0.852143 1.36931 6.96307
25 0.853672 1.36428 7.258
26 0.854098 1.36561 7.54871
27 0.853382 1.36299 7.83821
28 0.852549 1.36792 8.14627
29 0.852298 1.36454 8.46482
30 0.853924 1.36812 8.78452
31 0.854156 1.36983 9.04631
32 0.854098 1.36105 9.36708
33 0.85495 1.35984 9.6692
34 0.853788 1.35457 10.0005
35 0.854853 1.35357 10.2995
36 0.854756 1.35332 10.581
37 0.854117 1.35932 10.8551
38 0.853517 1.35624 11.1663
39 0.854001 1.36349 11.4621
40 0.852395 1.35713 11.7273
41 0.854601 1.35488 11.9964
42 0.854176 1.35797 12.3185
43 0.853885 1.36023 12.6188
44 0.85373 1.36047 12.9447
45 0.854447 1.35869 13.2391
46 0.85524 1.35512 13.5408
47 0.854911 1.3548 13.8279
48 0.855356 1.35901 14.1301
49 0.854969 1.35687 14.4228
50 0.854872 1.35336 14.7306
51 0.855279 1.35578 15.0443
52 0.854892 1.35528 15.3372
53 0.853827 1.35345 15.6078
54 0.853769 1.35159 15.8891
55 0.854853 1.35718 16.1584
56 0.855027 1.35003 16.4457
57 0.855047 1.35066 16.7551
58 0.853982 1.35273 17.0612
59 0.854195 1.34901 17.3365
60 0.854408 1.35172 17.6601
61 0.855492 1.34588 17.9588
62 0.854872 1.3519 18.2541
63 0.855143 1.34636 18.5187
64 0.85375 1.355 18.8269
65 0.855569 1.34908 19.1286
66 0.854776 1.35012 19.3999
67 0.854892 1.34604 19.7042
68 0.854853 1.34832 20.0147
69 0.855066 1.34848 20.3241
70 0.854505 1.34745 20.6502
71 0.855124 1.34811 20.9158
72 0.85524 1.35181 21.2369
73 0.854911 1.35069 21.5407
74 0.854388 1.34932 21.8526
75 0.85464 1.34931 22.1087
76 0.854524 1.35814 22.3583
77 0.855647 1.35191 22.6411
78 0.854601 1.35061 22.9618
79 0.855569 1.34964 23.2527
80 0.854369 1.34869 23.5462
81 0.855356 1.34692 23.7806
82 0.853982 1.35312 24.0926
83 0.855666 1.3454 24.3986
84 0.853382 1.35267 24.6531
85 0.855105 1.3517 24.9273
86 0.854543 1.35137 25.2738
87 0.854659 1.35281 25.5933
88 0.855531 1.34676 25.8925
89 0.854253 1.34904 26.1918
90 0.854892 1.34835 26.4838
91 0.854369 1.34731 26.787
92 0.85464 1.35033 27.0354
93 0.855511 1.34622 27.3278
94 0.854872 1.34764 27.6178
95 0.854718 1.34527 27.9131
96 0.855318 1.35282 28.2413
97 0.85526 1.35061 28.5401
98 0.85584 1.34726 28.8162
99 0.854447 1.34539 29.1231
100 0.855221 1.34592 29.4098
