1 0.756301 2.79924 0.260988
2 0.781099 2.29399 0.520418
3 0.795385 2.0506 0.794403
4 0.805548 1.9014 1.05717
5 0.808161 1.79833 1.3213
6 0.814472 1.72121 1.58834
7 0.818595 1.66057 1.85181
8 0.820725 1.60927 2.1144
9 0.82388 1.56738 2.37932
10 0.829378 1.53341 2.64775
11 0.831778 1.50182 2.9089
12 0.834004 1.4749 3.17386
13 0.835166 1.45183 3.4397
14 0.837837 1.43175 3.70389
15 0.840102 1.41235 3.9686
16 0.841573 1.39614 4.23366
17 0.843219 1.38066 4.49565
18 0.843819 1.36706 4.76918
19 0.845716 1.35408 5.03389
20 0.847013 1.34274 5.29816
21 0.847536 1.33175 5.56256
22 0.848368 1.32067 5.82902
23 0.849975 1.31134 6.0935
24 0.850614 1.3015 6.35661
25 0.851369 1.29271 6.62219
26 0.851794 1.28443 6.88932
27 0.852569 1.27667 7.15226
28 0.853072 1.26858 7.49359
29 0.853537 1.26066 7.783
30 0.854369 1.25344 8.19845
31 0.853808 1.2464 8.589
32 0.854137 1.23964 8.9162
33 0.855027 1.23266 9.17367
34 0.854989 1.22643 9.44356
35 0.855627 1.22099 9.70539
36 0.85644 1.21462 9.96352
37 0.856692 1.20904 10.2298
38 0.857699 1.20338 10.4937
39 0.857273 1.19773 10.7559
40 0.857796 1.19192 11.0727
41 0.858047 1.1876 11.3747
42 0.858357 1.18282 11.6349
43 0.858163 1.17791 11.9108
44 0.857796 1.17352 12.2236
45 0.858725 1.16833 12.5329
46 0.859034 1.16367 12.8297
47 0.859015 1.15933 13.0886
48 0.860138 1.15442 13.3713
49 0.860215 1.15026 13.6326
50 0.860544 1.14608 13.8911
51 0.860273 1.14173 14.1503
52 0.860428 1.13834 14.4086
53 0.860486 1.13424 14.6678
54 0.86066 1.13067 14.929
55 0.860273 1.12711 15.189
56 0.860854 1.12336 15.4585
57 0.86099 1.11946 15.7264
58 0.861222 1.11597 15.992
59 0.86128 1.11232 16.253
60 0.861028 1.10907 16.5184
61 0.861183 1.1065 16.7994
62 0.861319 1.10302 17.0711
63 0.861899 1.09987 17.3792
64 0.862577 1.09674 17.7076
65 0.862345 1.09332 17.9878
66 0.862732 1.09081 18.2528
67 0.862616 1.08772 18.5389
68 0.862345 1.08494 18.8068
69 0.862635 1.08201 19.0768
70 0.862441 1.07916 19.3419
71 0.862441 1.07658 19.6134
72 0.863313 1.07364 19.8769
73 0.863274 1.07096 20.1366
74 0.863758 1.06818 20.4045
75 0.863254 1.0659 20.6814
76 0.863371 1.06365 20.9653
77 0.863196 1.06058 21.2946
78 0.863758 1.05818 21.6794
79 0.863525 1.05616 22.0903
80 0.864493 1.05369 22.411
81 0.864009 1.0514 22.7176
82 0.863816 1.049 22.9872
83 0.864706 1.04694 23.2594
84 0.863738 1.04544 23.5347
85 0.864435 1.04277 23.8425
86 0.864687 1.04033 24.1123
87 0.864203 1.03818 24.3798
88 0.864164 1.03675 24.6478
89 0.864106 1.03449 24.9184
90 0.863913 1.0324 25.1817
91 0.865055 1.02998 25.4516
92 0.865384 1.02812 25.7165
93 0.864493 1.02632 25.9835
94 0.864881 1.02469 26.2461
95 0.864764 1.02278 26.5139
96 0.864997 1.02084 26.7798
97 0.864687 1.01937 27.0407
98 0.864803 1.01783 27.3042
99 0.864977 1.01602 27.589
100 0.865171 1.01407 27.8486
