1 0.776569 1.78521 0.659557
2 0.80731 1.56197 1.24556
3 0.817531 1.46201 1.80696
4 0.824635 1.3976 2.35912
5 0.830965 1.35123 2.90759
6 0.834895 1.31155 3.47432
7 0.836347 1.27922 4.04005
8 0.84047 1.24935 4.59746
9 0.844574 1.22355 5.15534
10 0.848736 1.19884 5.7267
11 0.849936 1.17786 6.28074
12 0.852879 1.1575 6.83871
13 0.855008 1.13895 7.37688
14 0.857796 1.12119 7.92915
15 0.858589 1.10633 8.49357
16 0.860467 1.09078 9.05423
17 0.861957 1.07764 9.60279
18 0.86368 1.06517 10.1582
19 0.863874 1.05387 10.7164
20 0.865035 1.04264 11.2492
21 0.866526 1.03263 11.8025
22 0.867378 1.0233 12.3443
23 0.867939 1.01383 12.8979
24 0.868152 1.00561 13.471
25 0.869643 0.997883 14.0434
26 0.868423 0.990712 14.7016
27 0.869623 0.983199 15.2643
28 0.870533 0.976264 15.8083
29 0.870069 0.970255 16.3552
30 0.87094 0.963978 16.9384
31 0.87152 0.958609 17.489
32 0.872798 0.95331 18.0467
33 0.871927 0.947947 18.6142
34 0.872043 0.943035 19.1691
35 0.871888 0.938218 19.7983
36 0.872624 0.933941 20.383
37 0.872585 0.929901 20.9456
38 0.873185 0.925028 21.5085
39 0.873205 0.921341 22.0501
40 0.873998 0.917324 22.5991
41 0.875121 0.913739 23.1546
42 0.874327 0.91064 23.6989
43 0.873882 0.90732 24.2424
44 0.874153 0.904091 24.89
45 0.874327 0.900674 25.4946
46 0.874366 0.8976 26.0595
47 0.874947 0.894991 26.666
48 0.875392 0.892797 27.2296
49 0.875102 0.890137 27.8308
50 0.874676 0.887385 28.3912
51 0.875489 0.884875 29.0618
52 0.875605 0.881932 29.7375
53 0.875818 0.879719 30.2901
54 0.875547 0.877967 30.9691
55 0.876824 0.87557 31.5836
56 0.87607 0.873802 32.2761
57 0.875953 0.87222 32.9106
58 0.875779 0.870375 33.4811
59 0.876766 0.867982 34.1638
60 0.877018 0.866693 34.8125
61 0.877018 0.864491 35.5174
62 0.877134 0.863237 36.0575
63 0.876979 0.861529 36.6013
64 0.876457 0.860254 37.2449
65 0.877579 0.858891 37.8475
66 0.876883 0.857466 38.4328
67 0.875973 0.855921 39.0138
68 0.876921 0.854038 39.6935
69 0.876573 0.852912 40.3017
70 0.87696 0.851725 40.8695
71 0.877347 0.850484 41.439
72 0.87725 0.849581 42.0111
73 0.876205 0.848204 42.5836
74 0.877521 0.846815 43.151
75 0.876941 0.846172 43.7114
76 0.876863 0.845015 44.2731
77 0.876612 0.844046 44.8225
78 0.876883 0.843214 45.4246
79 0.876612 0.841773 45.9592
80 0.87667 0.841049 46.5194
81 0.87756 0.839961 47.0766
82 0.876844 0.838836 47.6424
83 0.876921 0.837625 48.3083
84 0.877328 0.837616 48.9048
85 0.876766 0.836365 49.4371
86 0.877425 0.835502 49.9762
87 0.877599 0.835519 50.5281
88 0.876786 0.834444 51.2069
89 0.876244 0.833386 51.7685
90 0.876844 0.83312 52.366
91 0.877076 0.832677 52.9609
92 0.877386 0.831965 53.648
93 0.877444 0.831582 54.3284
94 0.877037 0.830665 54.8811
95 0.87665 0.830153 55.4317
96 0.877367 0.829193 56.113
97 0.878102 0.828717 56.7775
98 0.876495 0.828913 57.3378
99 0.877154 0.827768 57.8873
100 0.877483 0.827887 58.4743
