1 0.736769 1.76775 0.127396
2 0.781002 1.71676 0.285535
3 0.792597 1.67095 0.437967
4 0.797998 1.64076 0.587832
5 0.802838 1.61471 0.73173
6 0.806555 1.59166 0.86284
7 0.811143 1.57029 0.984419
8 0.814298 1.55058 1.13078
9 0.817666 1.53224 1.24783
10 0.819892 1.51537 1.38414
11 0.822467 1.49992 1.554
12 0.823822 1.48513 1.70586
13 0.825429 1.47138 1.85507
14 0.828875 1.45819 1.99544
15 0.83112 1.4457 2.18829
16 0.832475 1.43377 2.34538
17 0.833579 1.42247 2.45641
18 0.834624 1.41168 2.577
19 0.836444 1.40127 2.72109
20 0.837973 1.39144 2.835
21 0.838747 1.3817 2.96917
22 0.83987 1.37273 3.10111
23 0.840993 1.36383 3.23411
24 0.841999 1.35492 3.40513
25 0.842793 1.3469 3.56247
26 0.843451 1.3392 3.70575
27 0.844361 1.33131 3.84672
28 0.845348 1.324 3.99224
29 0.84591 1.31672 4.14243
30 0.846374 1.30998 4.28671
31 0.846781 1.3032 4.42029
32 0.847497 1.29656 4.56735
33 0.848349 1.29012 4.69572
34 0.84802 1.284 4.82112
35 0.849104 1.27774 4.94813
36 0.849801 1.27216 5.09505
37 0.850072 1.26638 5.23868
38 0.850691 1.26088 5.39775
39 0.851311 1.25572 5.52729
40 0.851465 1.2504 5.66466
41 0.852278 1.24511 5.7972
42 0.852317 1.24004 5.95353
43 0.852201 1.23512 6.10759
44 0.852956 1.23028 6.26361
45 0.852879 1.22565 6.40776
46 0.853498 1.22108 6.53025
47 0.854253 1.21675 6.66568
48 0.854524 1.2124 6.78185
49 0.854969 1.20802 6.90828
50 0.854795 1.20373 7.08794
51 0.854931 1.19969 7.22942
52 0.855569 1.19573 7.35194
53 0.855627 1.19161 7.4974
54 0.855685 1.18775 7.63297
55 0.855395 1.18428 7.79647
56 0.856227 1.18043 7.95355
57 0.856576 1.17666 8.11621
58 0.857079 1.17322 8.24714
59 0.857253 1.16971 8.41189
60 0.857621 1.1661 8.54432
61 0.857912 1.16283 8.67018
62 0.857854 1.15943 8.8086
63 0.858338 1.1562 8.96079
64 0.858744 1.15307 9.10931
65 0.858918 1.15 9.26335
66 0.859228 1.14667 9.40938
67 0.859557 1.14379 9.59771
68 0.85977 1.14105 9.78639
69 0.86008 1.13793 9.94908
70 0.860022 1.1349 10.0828
71 0.860041 1.13207 10.2427
72 0.860564 1.1294 10.3708
73 0.860254 1.12664 10.5196
74 0.861106 1.1238 10.6839
75 0.860641 1.1212 10.8133
76 0.860777 1.1186 10.9553
77 0.861222 1.11601 11.1003
78 0.861261 1.11328 11.221
79 0.861841 1.11082 11.3797
80 0.861648 1.10833 11.5159
81 0.861861 1.10591 11.6485
82 0.862616 1.10356 11.7635
83 0.862345 1.10125 11.9125
84 0.862674 1.09879 12.0687
85 0.862693 1.09648 12.2245
86 0.862654 1.09411 12.3441
87 0.862906 1.09203 12.5077
88 0.862635 1.08983 12.6571
89 0.862712 1.08752 12.7831
90 0.863332 1.08541 12.9031
91 0.863216 1.08349 13.0456
92 0.863777 1.08121 13.1699
93 0.863487 1.07924 13.3411
94 0.863913 1.07713 13.4954
95 0.863835 1.07513 13.6281
96 0.864242 1.07303 13.7553
97 0.86428 1.07111 13.8805
98 0.864745 1.06921 14.001
99 0.864339 1.0672 14.1577
100 0.864687 1.06534 14.2936
