1 0.731407 1.77615 0.14098
2 0.778989 1.72784 0.258637
3 0.790429 1.68236 0.380704
4 0.79854 1.65015 0.513375
5 0.802354 1.62484 0.640618
6 0.808239 1.60079 0.754058
7 0.813911 1.57855 0.870606
8 0.814124 1.5598 0.984806
9 0.819292 1.54041 1.10803
10 0.821286 1.5237 1.23361
11 0.8245 1.50729 1.36151
12 0.826532 1.49213 1.48396
13 0.828797 1.47744 1.62295
14 0.830443 1.46412 1.74213
15 0.832223 1.45143 1.90554
16 0.835282 1.43893 2.03207
17 0.836037 1.4273 2.16134
18 0.837624 1.41627 2.28436
19 0.838825 1.40577 2.4026
20 0.839483 1.39549 2.51012
21 0.840644 1.38606 2.60819
22 0.841806 1.37652 2.7188
23 0.843006 1.36741 2.80723
24 0.843877 1.3586 2.89533
25 0.844322 1.35033 2.9984
26 0.84531 1.34246 3.11343
27 0.845658 1.33442 3.23398
28 0.846103 1.32693 3.342
29 0.846548 1.31968 3.43627
30 0.847303 1.31263 3.5413
31 0.847904 1.30573 3.63617
32 0.848387 1.299 3.73885
33 0.849201 1.29281 3.82479
34 0.84953 1.28617 3.91381
35 0.849104 1.28014 3.9944
36 0.850091 1.2741 4.08249
37 0.850594 1.26826 4.17497
38 0.85133 1.26269 4.27912
39 0.85104 1.2573 4.39392
40 0.852182 1.25181 4.48816
41 0.852395 1.24682 4.58312
42 0.852975 1.2416 4.67821
43 0.85344 1.23677 4.75936
44 0.853498 1.2317 4.8647
45 0.854234 1.22706 4.95594
46 0.854408 1.22245 5.04819
47 0.854621 1.2179 5.16776
48 0.855124 1.21357 5.27815
49 0.855589 1.20925 5.36617
50 0.855956 1.20497 5.45995
51 0.856673 1.2008 5.57146
52 0.856905 1.19668 5.67192
53 0.856944 1.1926 5.76392
54 0.857331 1.18892 5.85539
55 0.857524 1.18497 5.94453
56 0.857989 1.18125 6.0295
57 0.858492 1.17759 6.11852
58 0.858492 1.17366 6.21645
59 0.858299 1.17026 6.31396
60 0.85857 1.16681 6.40874
61 0.859305 1.16345 6.50579
62 0.859267 1.16023 6.60269
63 0.859518 1.15689 6.68223
64 0.860002 1.15362 6.77181
65 0.860118 1.15043 6.86927
66 0.859809 1.1473 6.96498
67 0.860525 1.14425 7.08406
68 0.860196 1.14114 7.18224
69 0.860564 1.13816 7.26993
70 0.860409 1.13539 7.36293
71 0.860738 1.13239 7.48713
72 0.86099 1.12958 7.58086
73 0.861106 1.1269 7.69163
74 0.86099 1.12426 7.80056
75 0.861415 1.12159 7.9191
76 0.86159 1.11886 8.05641
77 0.862016 1.11632 8.18665
78 0.861415 1.11347 8.28659
79 0.861919 1.11099 8.3955
80 0.861435 1.10866 8.50355
81 0.862229 1.10612 8.60134
82 0.862345 1.10371 8.6892
83 0.862325 1.10111 8.78449
84 0.862829 1.09893 8.88689
85 0.86279 1.09668 8.98563
86 0.863158 1.09431 9.09725
87 0.863119 1.09207 9.18976
88 0.863061 1.08969 9.28767
89 0.863332 1.08759 9.39089
90 0.863777 1.08536 9.47473
91 0.863584 1.08345 9.56778
92 0.863545 1.08136 9.68936
93 0.864126 1.07922 9.80132
94 0.864068 1.07713 9.92698
95 0.863622 1.07501 10.0237
96 0.864184 1.07306 10.1486
97 0.864377 1.07119 10.2428
98 0.864145 1.06926 10.3503
99 0.864532 1.06731 10.464
100 0.863893 1.06535 10.5609
