1 0.733807 1.76336 0.121467
2 0.77835 1.70555 0.223274
3 0.78919 1.66213 0.329815
4 0.796121 1.629 0.423581
5 0.80218 1.602 0.53319
6 0.807697 1.57771 0.622598
7 0.811839 1.55609 0.712941
8 0.814414 1.53587 0.818304
9 0.817453 1.51761 0.93004
10 0.821828 1.49978 1.01052
11 0.823106 1.48386 1.11213
12 0.825216 1.46883 1.19534
13 0.827868 1.45425 1.28242
14 0.830539 1.44002 1.35989
15 0.830694 1.42746 1.4469
16 0.832843 1.41524 1.5326
17 0.83474 1.40381 1.63351
18 0.835979 1.3925 1.72908
19 0.837237 1.38185 1.81141
20 0.838166 1.37177 1.89696
21 0.839715 1.36186 1.97006
22 0.840238 1.35276 2.04745
23 0.841012 1.34334 2.13072
24 0.842077 1.33462 2.20829
25 0.843064 1.3266 2.29018
26 0.843451 1.31839 2.36445
27 0.844129 1.31018 2.46028
28 0.845561 1.30282 2.54895
29 0.845677 1.29554 2.6305
30 0.845987 1.28835 2.75896
31 0.846742 1.28137 2.84427
32 0.847052 1.27493 2.91419
33 0.848194 1.26837 2.97861
34 0.848949 1.26195 3.0659
35 0.849142 1.25578 3.16183
36 0.849839 1.24994 3.23868
37 0.850517 1.24405 3.32799
38 0.850285 1.23857 3.41401
39 0.851698 1.23284 3.49017
40 0.851562 1.22768 3.59828
41 0.852124 1.22233 3.68205
42 0.852259 1.21728 3.79482
43 0.852646 1.21226 3.88149
44 0.853266 1.20724 3.99011
45 0.853866 1.20262 4.09137
46 0.853808 1.198 4.18519
47 0.854272 1.19322 4.27669
48 0.854214 1.18886 4.36322
49 0.854485 1.18481 4.44239
50 0.855395 1.18028 4.5361
51 0.85555 1.17615 4.62397
52 0.855434 1.17201 4.70899
53 0.856324 1.16808 4.78307
54 0.85615 1.16412 4.84524
55 0.856673 1.16006 4.91493
56 0.857331 1.15628 5.03747
57 0.857215 1.15285 5.12719
58 0.857312 1.14923 5.24032
59 0.85737 1.14564 5.33815
60 0.857912 1.14202 5.43744
61 0.858047 1.13875 5.53534
62 0.858415 1.13513 5.6329
63 0.858067 1.1319 5.7103
64 0.858492 1.12868 5.79168
65 0.858783 1.12542 5.89555
66 0.858686 1.12227 5.99337
67 0.859383 1.11908 6.08238
68 0.859441 1.11608 6.17852
69 0.859828 1.11328 6.28694
70 0.859847 1.1102 6.38615
71 0.859693 1.10749 6.47696
72 0.859809 1.10475 6.57404
73 0.859983 1.10177 6.66539
74 0.860486 1.09927 6.7608
75 0.860893 1.09631 6.85134
76 0.860951 1.09354 6.96011
77 0.861009 1.0911 7.04478
78 0.86097 1.08854 7.14608
79 0.861474 1.08596 7.24638
80 0.861241 1.08323 7.32913
81 0.861454 1.08082 7.40522
82 0.86157 1.07854 7.49793
83 0.862383 1.07613 7.58893
84 0.86248 1.07373 7.68389
85 0.861996 1.07157 7.77938
86 0.862461 1.06902 7.8718
87 0.862441 1.06679 7.94508
88 0.862809 1.06459 8.04011
89 0.862829 1.06232 8.13
90 0.863022 1.06019 8.21355
91 0.862674 1.05802 8.29593
92 0.86279 1.05602 8.38288
93 0.863525 1.05373 8.45229
94 0.863274 1.05181 8.52259
95 0.863196 1.04978 8.62188
96 0.863584 1.04765 8.69864
97 0.863893 1.04588 8.7632
98 0.863951 1.04368 8.85284
99 0.864009 1.04203 8.93582
100 0.863603 1.04002 8.9981
