1 0.760502 1.62676 0.115967
2 0.807426 1.54578 0.247179
3 0.81755 1.47284 0.335109
4 0.824713 1.41743 0.406534
5 0.831062 1.37084 0.504087
6 0.834876 1.33251 0.582952
7 0.838825 1.299 0.673156
8 0.84078 1.26931 0.754615
9 0.843277 1.24244 0.8305
10 0.84649 1.21829 0.912255
11 0.849181 1.19697 0.999274
12 0.85282 1.17554 1.07325
13 0.855027 1.15769 1.14094
14 0.855105 1.14069 1.21632
15 0.858241 1.12444 1.28817
16 0.858318 1.11078 1.35481
17 0.861222 1.09678 1.42488
18 0.862519 1.08506 1.49452
19 0.862674 1.07341 1.5596
20 0.864068 1.06268 1.62078
21 0.865055 1.05271 1.68854
22 0.865093 1.04373 1.76192
23 0.866836 1.03474 1.82767
24 0.866255 1.02641 1.89772
25 0.867436 1.01882 1.96419
26 0.867475 1.01138 2.04277
27 0.868926 1.00409 2.12074
28 0.869043 0.997696 2.19133
29 0.869778 0.991348 2.28108
30 0.870088 0.985827 2.34959
31 0.870359 0.979737 2.4213
32 0.870533 0.974856 2.5232
33 0.871172 0.969201 2.59754
34 0.871346 0.964574 2.67172
35 0.871733 0.959942 2.74251
36 0.872159 0.955201 2.8157
37 0.872198 0.951005 2.89391
38 0.872759 0.947385 2.95829
39 0.872914 0.943465 3.01818
40 0.872779 0.939507 3.08255
41 0.873514 0.936167 3.15209
42 0.87334 0.932762 3.2234
43 0.873224 0.929305 3.28231
44 0.87334 0.926123 3.34604
45 0.873901 0.923188 3.41312
46 0.873979 0.920253 3.48478
47 0.87456 0.91742 3.56019
48 0.874424 0.914755 3.64229
49 0.873824 0.912287 3.72328
50 0.874192 0.909888 3.79069
51 0.874134 0.907108 3.86109
52 0.874366 0.904727 3.92385
53 0.874734 0.902885 3.98993
54 0.874521 0.900673 4.05644
55 0.874734 0.898267 4.13581
56 0.87514 0.896343 4.2246
57 0.874618 0.894427 4.30058
58 0.874811 0.892808 4.3708
59 0.874308 0.890597 4.44801
60 0.874966 0.888464 4.52655
61 0.875353 0.887069 4.60712
62 0.875005 0.88526 4.6809
63 0.874927 0.883728 4.75495
64 0.875082 0.882285 4.8369
65 0.875276 0.880525 4.91355
66 0.875334 0.879008 4.98634
67 0.875624 0.877502 5.06488
68 0.875605 0.875932 5.13316
69 0.875682 0.874847 5.19954
70 0.87607 0.873973 5.29247
71 0.876321 0.872212 5.36647
72 0.875721 0.871016 5.44285
73 0.875779 0.86972 5.52633
74 0.875469 0.868807 5.59703
75 0.875934 0.867855 5.67492
76 0.875702 0.866624 5.74699
77 0.875644 0.865668 5.8245
78 0.87576 0.864742 5.90475
79 0.875857 0.863406 5.98951
80 0.875818 0.862716 6.06734
81 0.875334 0.861866 6.14184
82 0.876282 0.860695 6.22755
83 0.875469 0.859959 6.29692
84 0.875198 0.859118 6.39261
85 0.875605 0.8581 6.47888
86 0.875605 0.857152 6.55662
87 0.875682 0.856723 6.62977
88 0.876263 0.855896 6.69509
89 0.876128 0.855033 6.76541
90 0.87605 0.853954 6.82759
91 0.875528 0.85347 6.90395
92 0.875876 0.852873 6.97515
93 0.875818 0.852477 7.04322
94 0.875953 0.851546 7.11062
95 0.876457 0.851053 7.17953
96 0.876128 0.850354 7.25215
97 0.876011 0.849934 7.31738
98 0.876147 0.848908 7.38466
99 0.876282 0.848661 7.45315
100 0.876282 0.848075 7.52989
