1 0.756785 2.75799 0.549678
2 0.786151 2.26448 1.45964
3 0.800321 2.02813 2.26304
4 0.808065 1.88227 3.17363
5 0.814085 1.78115 3.96866
6 0.818886 1.70448 4.77545
7 0.822564 1.64354 5.55723
8 0.826997 1.59354 6.21337
9 0.830017 1.55238 6.86114
10 0.832146 1.51784 7.61365
11 0.834953 1.48819 8.51515
12 0.837702 1.46381 9.29269
13 0.839115 1.44089 10.1135
14 0.840625 1.42129 10.9762
15 0.842328 1.40391 11.603
16 0.843722 1.38822 12.4054
17 0.844109 1.37416 13.0686
18 0.846568 1.36071 13.7833
19 0.847749 1.34805 14.5991
20 0.848446 1.33705 15.2538
21 0.848968 1.32656 16.1662
22 0.850498 1.31687 16.9591
23 0.850769 1.30749 17.6167
24 0.851214 1.29862 18.4085
25 0.85224 1.28951 19.1763
26 0.853692 1.2826 20.0037
27 0.853614 1.27352 20.9017
28 0.854098 1.26562 21.6509
29 0.854137 1.25896 22.4506
30 0.85526 1.25131 23.338
31 0.85524 1.24472 24.2497
32 0.856324 1.23807 25.1356
33 0.856402 1.23207 26.0447
34 0.856866 1.22545 26.8409
35 0.856731 1.21914 27.6842
36 0.857544 1.21308 28.4794
37 0.858047 1.20751 29.3932
38 0.857873 1.20274 30.1781
39 0.858008 1.1967 30.9818
40 0.85826 1.19171 31.7951
41 0.858899 1.18667 32.698
42 0.858763 1.18121 33.4971
43 0.859286 1.17587 34.2872
44 0.859983 1.1715 35.0707
45 0.859944 1.16688 35.7491
46 0.860138 1.16235 36.4953
47 0.86037 1.15756 37.3982
48 0.860564 1.15354 38.1809
49 0.860622 1.14918 39.0839
50 0.860157 1.14524 39.75
51 0.860932 1.14123 40.4225
52 0.860602 1.13726 41.2029
53 0.860893 1.13324 41.9581
54 0.861028 1.13021 42.7371
55 0.861861 1.12574 43.4716
56 0.861686 1.12229 44.3741
57 0.862306 1.11838 45.1714
58 0.862267 1.1151 45.9718
59 0.862093 1.11164 46.8317
60 0.862712 1.10821 47.689
61 0.862403 1.10517 48.4701
62 0.862596 1.10166 49.346
63 0.863042 1.09914 50.1319
64 0.863254 1.09574 50.7653
65 0.863758 1.09228 51.6188
66 0.8637 1.08942 52.4336
67 0.863545 1.08652 53.0946
68 0.863564 1.0838 53.907
69 0.863874 1.08093 54.7286
70 0.864203 1.07865 55.5012
71 0.864222 1.07533 56.3198
72 0.864726 1.073 57.1068
73 0.864571 1.07024 57.8286
74 0.864551 1.06789 58.623
75 0.864571 1.06523 59.4756
76 0.864668 1.06234 60.1789
77 0.864377 1.05987 60.9734
78 0.8643 1.05808 61.8538
79 0.865577 1.0554 62.6689
80 0.865152 1.05346 63.5437
81 0.865655 1.05071 64.4509
82 0.865461 1.04825 65.1498
83 0.866119 1.04625 65.9402
84 0.865887 1.04441 66.7371
85 0.865868 1.04224 67.5952
86 0.865597 1.03999 68.3944
87 0.865926 1.0374 69.3005
88 0.865926 1.03589 70.094
89 0.865752 1.03384 71.0064
90 0.865984 1.03172 71.6623
91 0.866255 1.02998 72.552
92 0.86641 1.02762 73.2835
93 0.86639 1.02549 74.0279
94 0.866681 1.02401 74.8393
95 0.866797 1.02188 75.5846
96 0.866952 1.0201 76.1793
97 0.866603 1.01844 76.9112
98 0.866507 1.01665 77.6599
99 0.866681 1.01495 78.5801
100 0.866739 1.01331 79.3596
