1 0.756514 2.75126 0.179425
2 0.787719 2.25494 0.334505
3 0.80276 2.02282 0.522884
4 0.809826 1.87756 0.685532
5 0.816176 1.77773 0.84813
6 0.820202 1.70351 0.985403
7 0.823841 1.64391 1.14359
8 0.827307 1.59632 1.32169
9 0.830017 1.55586 1.5104
10 0.833404 1.52238 1.64844
11 0.835437 1.4945 1.82679
12 0.838495 1.46954 1.99604
13 0.839521 1.44866 2.17639
14 0.840606 1.42931 2.35163
15 0.842561 1.41272 2.50218
16 0.844342 1.39733 2.65695
17 0.8462 1.38405 2.84187
18 0.846277 1.37102 3.00259
19 0.848155 1.35982 3.15297
20 0.848678 1.34853 3.33245
21 0.849704 1.33877 3.47692
22 0.84891 1.32922 3.65272
23 0.85102 1.31955 3.80015
24 0.850885 1.31095 3.94598
25 0.85222 1.30269 4.10679
26 0.852704 1.29445 4.28779
27 0.853343 1.28734 4.45635
28 0.854272 1.27928 4.63648
29 0.854659 1.27239 4.8029
30 0.854872 1.26572 4.98343
31 0.855821 1.2591 5.14554
32 0.855821 1.25306 5.30868
33 0.856073 1.24636 5.46794
34 0.856731 1.24047 5.65234
35 0.857447 1.23461 5.84645
36 0.857757 1.22824 6.01098
37 0.858028 1.22326 6.18039
38 0.857699 1.21759 6.35052
39 0.858492 1.21203 6.51096
40 0.858705 1.20729 6.71358
41 0.859151 1.20284 6.86425
42 0.859712 1.19811 7.04493
43 0.859964 1.19294 7.2009
44 0.859944 1.18839 7.36522
45 0.860273 1.18361 7.51792
46 0.861241 1.17889 7.71375
47 0.860602 1.17522 7.89236
48 0.861725 1.17092 8.07487
49 0.86128 1.16667 8.22239
50 0.861357 1.16293 8.39043
51 0.861357 1.15879 8.52753
52 0.862364 1.15462 8.68112
53 0.862345 1.15121 8.86428
54 0.8625 1.14745 9.05209
55 0.862519 1.14414 9.19851
56 0.862538 1.14043 9.3353
57 0.862867 1.13658 9.47837
58 0.862654 1.13294 9.6246
59 0.862887 1.12998 9.76238
60 0.86368 1.12631 9.90613
61 0.862771 1.1235 10.0871
62 0.862538 1.11996 10.2409
63 0.863429 1.11714 10.4049
64 0.863758 1.1137 10.591
65 0.863835 1.111 10.7461
66 0.864377 1.10812 10.9148
67 0.86368 1.10559 11.0632
68 0.863797 1.10183 11.2282
69 0.864222 1.09978 11.4027
70 0.864106 1.09653 11.5755
71 0.863913 1.09416 11.7332
72 0.864319 1.09107 11.8882
73 0.865132 1.08904 12.0592
74 0.864203 1.08586 12.2306
75 0.864455 1.08368 12.4043
76 0.86521 1.08071 12.5766
77 0.865306 1.07806 12.7335
78 0.86519 1.07601 12.8725
79 0.865674 1.07361 13.0319
80 0.865229 1.07188 13.1947
81 0.865771 1.06908 13.3813
82 0.865926 1.0668 13.537
83 0.866042 1.06454 13.743
84 0.866119 1.06228 13.9363
85 0.866216 1.06011 14.1067
86 0.865965 1.0585 14.2733
87 0.86641 1.0558 14.4385
88 0.866294 1.05389 14.5734
89 0.866526 1.05179 14.721
90 0.865752 1.04971 14.9031
91 0.866642 1.04783 15.0591
92 0.86672 1.04572 15.2412
93 0.867029 1.04378 15.4239
94 0.866623 1.04189 15.6088
95 0.866816 1.04004 15.7555
96 0.866739 1.03795 15.9138
97 0.867029 1.03604 16.0853
98 0.867571 1.03456 16.2609
99 0.867339 1.03277 16.4188
100 0.867281 1.03068 16.5572
