1 0.759108 2.74253 0.133442
2 0.786442 2.24708 0.253638
3 0.800496 2.00989 0.362834
4 0.809497 1.86386 0.503939
5 0.81575 1.76396 0.648802
6 0.819292 1.68944 0.779824
7 0.823164 1.6295 0.938352
8 0.82601 1.58099 1.07208
9 0.829417 1.54059 1.18129
10 0.833075 1.50574 1.28992
11 0.83383 1.47755 1.42517
12 0.83714 1.45238 1.54323
13 0.838921 1.43116 1.65963
14 0.840141 1.41256 1.7652
15 0.842309 1.39613 1.90949
16 0.843219 1.37981 2.03518
17 0.844303 1.36657 2.17724
18 0.844768 1.35423 2.30873
19 0.846645 1.34287 2.43744
20 0.846819 1.33272 2.54636
21 0.848871 1.32154 2.63774
22 0.849452 1.31236 2.77575
23 0.850052 1.30263 2.88806
24 0.850323 1.29475 3.0133
25 0.851117 1.28586 3.13067
26 0.851504 1.27823 3.28454
27 0.852724 1.2705 3.42901
28 0.853382 1.26369 3.5515
29 0.853885 1.25575 3.69863
30 0.854195 1.24872 3.83705
31 0.855027 1.24235 3.99011
32 0.855279 1.23631 4.13814
33 0.856111 1.22971 4.25784
34 0.856305 1.224 4.39282
35 0.856324 1.2183 4.55358
36 0.857428 1.21228 4.66516
37 0.857447 1.20693 4.8004
38 0.857854 1.20138 4.90945
39 0.858047 1.19666 5.03271
40 0.858047 1.19119 5.15254
41 0.858105 1.18636 5.29477
42 0.858744 1.18097 5.41754
43 0.858918 1.17656 5.5459
44 0.858686 1.17264 5.66234
45 0.859557 1.16769 5.78966
46 0.859925 1.16321 5.89824
47 0.860138 1.15869 6.02405
48 0.860002 1.15476 6.13948
49 0.860583 1.15029 6.26893
50 0.860583 1.14664 6.39016
51 0.861435 1.14242 6.49919
52 0.861628 1.13841 6.62016
53 0.861261 1.13463 6.72555
54 0.861686 1.13144 6.839
55 0.862306 1.12763 6.96132
56 0.862519 1.1242 7.08763
57 0.862306 1.12124 7.20599
58 0.86217 1.11801 7.33164
59 0.86279 1.11411 7.44694
60 0.862751 1.11136 7.57086
61 0.862616 1.10817 7.68593
62 0.862925 1.10491 7.80886
63 0.862712 1.1021 7.9305
64 0.863216 1.09851 8.05369
65 0.863661 1.09651 8.1718
66 0.863254 1.09304 8.29325
67 0.863506 1.0904 8.423
68 0.86368 1.08749 8.55543
69 0.863332 1.08446 8.69621
70 0.8637 1.0822 8.80067
71 0.863584 1.07943 8.9595
72 0.864551 1.07625 9.08267
73 0.864029 1.07435 9.19946
74 0.863835 1.07197 9.32948
75 0.864145 1.06896 9.44478
76 0.864261 1.06674 9.58317
77 0.864513 1.06421 9.70769
78 0.864571 1.06166 9.83541
79 0.865248 1.0597 9.95726
80 0.864706 1.05754 10.094
81 0.864919 1.05496 10.2001
82 0.865326 1.05286 10.3533
83 0.865384 1.05061 10.4925
84 0.865268 1.04833 10.6311
85 0.865268 1.04648 10.7586
86 0.865481 1.04435 10.8676
87 0.865636 1.0422 11.0298
88 0.865345 1.04033 11.137
89 0.865539 1.0382 11.2596
90 0.865694 1.03609 11.3724
91 0.865442 1.03468 11.5037
92 0.865926 1.03218 11.6477
93 0.866003 1.03066 11.8077
94 0.866352 1.02857 11.9086
95 0.866449 1.02667 12.0181
96 0.865868 1.02544 12.1316
97 0.866642 1.02316 12.2386
98 0.866603 1.02161 12.3621
99 0.866874 1.02016 12.4837
100 0.867029 1.01847 12.599
