1 0.760057 2.77934 0.134606
2 0.790197 2.28426 0.257359
3 0.802722 2.0498 0.373696
4 0.811375 1.90452 0.473057
5 0.816601 1.80424 0.598416
6 0.820763 1.72814 0.719393
7 0.825564 1.66659 0.851421
8 0.828933 1.61758 1.01487
9 0.831856 1.57746 1.14223
10 0.833927 1.54358 1.2625
11 0.83625 1.51427 1.39126
12 0.837934 1.48933 1.51011
13 0.839773 1.46745 1.64215
14 0.840567 1.44878 1.80585
15 0.842464 1.43191 1.94931
16 0.8438 1.4159 2.07529
17 0.845174 1.4017 2.19919
18 0.846374 1.389 2.32364
19 0.846607 1.3777 2.4364
20 0.847749 1.36542 2.5525
21 0.848736 1.35506 2.68246
22 0.848329 1.34554 2.82008
23 0.849917 1.33604 2.93794
24 0.850846 1.3267 3.03521
25 0.851969 1.31856 3.15215
26 0.851736 1.31016 3.25809
27 0.852782 1.30218 3.36373
28 0.852898 1.29455 3.46992
29 0.853769 1.28704 3.61316
30 0.85404 1.28007 3.74094
31 0.853769 1.27355 3.85442
32 0.854872 1.26658 3.97284
33 0.855666 1.26037 4.08875
34 0.85584 1.25396 4.2016
35 0.856131 1.24809 4.30021
36 0.856169 1.24225 4.40085
37 0.856479 1.23627 4.50511
38 0.856924 1.23093 4.59724
39 0.857815 1.22537 4.71748
40 0.857873 1.22038 4.83641
41 0.858279 1.2152 4.94536
42 0.85855 1.21012 5.06125
43 0.858415 1.20453 5.20433
44 0.85888 1.2002 5.3395
45 0.858492 1.19568 5.47218
46 0.859557 1.19086 5.57337
47 0.860002 1.1866 5.66973
48 0.860099 1.18212 5.75994
49 0.860699 1.1778 5.89536
50 0.860331 1.17401 6.04677
51 0.860467 1.17 6.17521
52 0.861106 1.16602 6.30174
53 0.860641 1.16246 6.43729
54 0.861299 1.15821 6.6121
55 0.861474 1.15491 6.7275
56 0.861725 1.15072 6.84488
57 0.862229 1.14768 6.9763
58 0.861628 1.14407 7.09475
59 0.86248 1.14039 7.2217
60 0.862461 1.13721 7.394
61 0.863003 1.1339 7.54099
62 0.862906 1.13061 7.67946
63 0.862345 1.12725 7.80507
64 0.862403 1.12416 7.92578
65 0.863022 1.12163 8.06962
66 0.863177 1.11858 8.2019
67 0.863332 1.11525 8.29982
68 0.863409 1.11275 8.41061
69 0.863564 1.10974 8.54706
70 0.863506 1.10659 8.66348
71 0.863835 1.10351 8.79483
72 0.864164 1.10115 8.93033
73 0.864029 1.09869 9.06639
74 0.864203 1.09591 9.18686
75 0.8643 1.09329 9.32547
76 0.864339 1.09129 9.46149
77 0.864532 1.08839 9.59066
78 0.864551 1.08559 9.70339
79 0.864455 1.08359 9.83517
80 0.864455 1.08091 9.976
81 0.864513 1.07882 10.1263
82 0.865113 1.07648 10.2719
83 0.864977 1.07414 10.4064
84 0.865035 1.07239 10.5257
85 0.865539 1.06986 10.6337
86 0.865771 1.06758 10.7657
87 0.865442 1.06536 10.8972
88 0.865248 1.06308 11.0233
89 0.865306 1.0609 11.1468
90 0.865965 1.05915 11.253
91 0.865752 1.05687 11.3772
92 0.865423 1.05503 11.4705
93 0.866158 1.05308 11.6072
94 0.865732 1.05137 11.7175
95 0.866178 1.04883 11.8414
96 0.866449 1.04743 11.9785
97 0.86639 1.04547 12.1291
98 0.866216 1.04368 12.236
99 0.866468 1.04201 12.3374
100 0.866681 1.04016 12.4721
