1 0.758411 2.77516 0.121753
2 0.785803 2.2832 0.25186
3 0.799624 2.05253 0.353901
4 0.808123 1.90801 0.445359
5 0.813659 1.80747 0.541625
6 0.81875 1.73234 0.630369
7 0.821364 1.67216 0.712423
8 0.825332 1.62442 0.800704
9 0.828545 1.58267 0.899722
10 0.831972 1.54838 0.992245
11 0.834198 1.51867 1.08571
12 0.836153 1.49333 1.17576
13 0.838108 1.47122 1.28215
14 0.840489 1.45081 1.36531
15 0.84078 1.43341 1.45887
16 0.842851 1.41851 1.55222
17 0.844284 1.40395 1.67277
18 0.845948 1.39087 1.77874
19 0.846723 1.37906 1.88011
20 0.847497 1.36744 1.974
21 0.848697 1.35668 2.10324
22 0.849065 1.34744 2.20834
23 0.849897 1.33741 2.33922
24 0.850498 1.32786 2.45092
25 0.85104 1.31939 2.56016
26 0.851582 1.31142 2.65729
27 0.851911 1.30338 2.78828
28 0.85282 1.29579 2.89684
29 0.853343 1.28792 2.99989
30 0.853866 1.28126 3.10335
31 0.854021 1.27433 3.22193
32 0.854601 1.26727 3.33119
33 0.85495 1.26126 3.44103
34 0.855453 1.25497 3.57007
35 0.856034 1.24856 3.68468
36 0.856015 1.24267 3.79669
37 0.856557 1.23694 3.93488
38 0.857234 1.23156 4.05168
39 0.856982 1.22588 4.17466
40 0.857737 1.22051 4.30603
41 0.858028 1.21513 4.4169
42 0.858473 1.21041 4.51115
43 0.85855 1.20572 4.61874
44 0.858763 1.20059 4.72753
45 0.859112 1.19552 4.86065
46 0.859518 1.19117 4.99553
47 0.859422 1.18674 5.10927
48 0.859092 1.18252 5.22598
49 0.859983 1.17812 5.3394
50 0.859925 1.17421 5.46113
51 0.860389 1.16955 5.57283
52 0.860389 1.1657 5.68373
53 0.861009 1.16177 5.80461
54 0.860951 1.15793 5.9091
55 0.861125 1.15431 5.9997
56 0.861106 1.15024 6.11432
57 0.861377 1.1466 6.22899
58 0.861783 1.1435 6.33666
59 0.86217 1.14006 6.4335
60 0.861667 1.13616 6.55095
61 0.861686 1.13294 6.66419
62 0.862345 1.13002 6.77806
63 0.862441 1.12664 6.88593
64 0.862538 1.12384 7.0116
65 0.862983 1.12076 7.14071
66 0.862635 1.11746 7.24392
67 0.863022 1.11407 7.3506
68 0.863158 1.11125 7.47497
69 0.862887 1.10829 7.6019
70 0.863177 1.10537 7.70765
71 0.863506 1.10288 7.85297
72 0.863545 1.10035 7.97999
73 0.863467 1.09752 8.09818
74 0.863932 1.09453 8.20778
75 0.863061 1.09211 8.3463
76 0.863971 1.08972 8.475
77 0.862964 1.08732 8.61533
78 0.863855 1.08427 8.71869
79 0.864029 1.08248 8.83373
80 0.864068 1.07963 8.92226
81 0.863913 1.07698 9.05815
82 0.864106 1.07502 9.16308
83 0.863371 1.07248 9.27116
84 0.864571 1.07026 9.36046
85 0.864222 1.06778 9.44574
86 0.864145 1.06556 9.53855
87 0.863874 1.06344 9.63224
88 0.864261 1.06177 9.73258
89 0.864629 1.05897 9.84157
90 0.864513 1.05735 9.96802
91 0.864958 1.05533 10.1052
92 0.864822 1.05344 10.2195
93 0.86459 1.05125 10.3181
94 0.864629 1.04968 10.4163
95 0.864958 1.04774 10.5219
96 0.864958 1.04525 10.6361
97 0.864822 1.04407 10.7642
98 0.865248 1.04212 10.8961
99 0.864822 1.04025 11.0296
100 0.865113 1.03823 11.1382
