1 0.900723 4.52662 0.220324
2 0.922651 4.33424 0.418406
3 0.93393 4.21289 0.612217
4 0.93891 4.10211 0.846682
5 0.941453 4.04529 1.08996
6 0.943474 3.9956 1.31324
7 0.944555 3.95509 1.55763
8 0.945209 3.93992 1.77599
9 0.945815 3.89505 2.02024
10 0.946314 3.87558 2.24457
11 0.946374 3.85388 2.46005
12 0.94635 3.83276 2.64354
13 0.946564 3.81943 2.86449
14 0.946683 3.80516 3.07178
15 0.946944 3.7897 3.26715
16 0.947051 3.78593 3.50805
17 0.947788 3.76333 3.7011
18 0.947348 3.74898 3.93027
19 0.947955 3.72986 4.18353
20 0.947741 3.73503 4.41867
21 0.947515 3.73129 4.64903
22 0.948062 3.72266 4.8802
23 0.947824 3.71304 5.08487
24 0.948454 3.7017 5.30519
25 0.947788 3.69997 5.49265
26 0.947729 3.70186 5.68629
27 0.947729 3.68124 5.89765
28 0.947657 3.6762 6.15464
29 0.948157 3.68041 6.36299
30 0.948026 3.67619 6.59358
31 0.948109 3.66893 6.83163
32 0.9478 3.65932 7.02135
33 0.947503 3.65531 7.2607
34 0.947669 3.65104 7.49597
35 0.947574 3.64818 7.72075
36 0.947491 3.64745 7.93934
37 0.947099 3.64078 8.18816
38 0.948264 3.63302 8.40905
39 0.948632 3.63396 8.63484
40 0.947753 3.63108 8.86314
41 0.947562 3.62791 9.07433
42 0.947455 3.62804 9.27584
43 0.94736 3.62847 9.49144
44 0.947788 3.61827 9.71652
45 0.947408 3.61169 9.93768
46 0.947741 3.61351 10.1553
47 0.947931 3.61067 10.3781
48 0.948264 3.61394 10.637
49 0.947883 3.60384 10.8928
50 0.947907 3.60191 11.1203
51 0.947622 3.60398 11.3511
52 0.947574 3.60093 11.6157
53 0.947669 3.61256 11.8516
54 0.947325 3.59597 12.0739
55 0.947836 3.59446 12.2824
56 0.947693 3.58911 12.528
57 0.947919 3.58797 12.7721
58 0.947194 3.60027 13.0177
59 0.947717 3.58759 13.2553
60 0.947681 3.59044 13.4848
61 0.947657 3.58272 13.716
62 0.947432 3.57938 13.9388
63 0.947253 3.58137 14.1659
64 0.947776 3.58607 14.3756
65 0.947491 3.57983 14.5934
66 0.947598 3.57834 14.8317
67 0.947313 3.58095 15.0583
68 0.947134 3.58342 15.3075
69 0.94723 3.57623 15.5391
70 0.947598 3.57591 15.7882
71 0.947669 3.57218 16.0703
72 0.947241 3.57076 16.3373
73 0.947063 3.57211 16.5876
74 0.947443 3.57154 16.793
75 0.947788 3.57277 17.024
76 0.947467 3.56529 17.2474
77 0.947515 3.56537 17.478
78 0.947479 3.56769 17.7277
79 0.947467 3.56979 17.9579
80 0.947432 3.56288 18.2292
81 0.94755 3.56744 18.4806
82 0.947158 3.55993 18.6668
83 0.948014 3.55917 18.8973
84 0.94761 3.55666 19.1224
85 0.947277 3.55916 19.3638
86 0.947396 3.56628 19.5838
87 0.947978 3.56053 19.7987
88 0.946944 3.56521 20.0169
89 0.94736 3.5574 20.2434
90 0.947467 3.5506 20.4692
91 0.947562 3.55445 20.7215
92 0.947218 3.55578 20.9529
93 0.947289 3.55317 21.1957
94 0.947146 3.55472 21.452
95 0.947705 3.55422 21.673
96 0.947515 3.54756 21.9225
97 0.947206 3.54647 22.1558
98 0.947182 3.55416 22.3485
99 0.947313 3.54267 22.5653
100 0.947194 3.54854 22.7894
