1 0.881694 3.70109 0.427269
2 0.900663 3.16852 0.828037
3 0.910528 2.89105 1.21984
4 0.917778 2.71227 1.59181
5 0.92195 2.58157 1.98124
6 0.924481 2.47965 2.35887
7 0.927108 2.39498 2.74895
8 0.928641 2.3243 3.12214
9 0.930246 2.26419 3.51028
10 0.931541 2.21123 3.87344
11 0.932694 2.16369 4.26865
12 0.933312 2.12152 4.65278
13 0.934536 2.0841 5.04103
14 0.935118 2.04896 5.40846
15 0.935534 2.01707 5.78506
16 0.936782 1.98796 6.1444
17 0.936759 1.96023 6.51708
18 0.937175 1.93405 6.903
19 0.937246 1.90994 7.25964
20 0.938042 1.88783 7.68998
21 0.938137 1.86676 8.06651
22 0.938862 1.84689 8.47224
23 0.939112 1.82771 8.84744
24 0.939599 1.81002 9.22242
25 0.939944 1.79247 9.602
26 0.940063 1.77591 9.96721
27 0.940526 1.76038 10.3454
28 0.940598 1.74513 10.7183
29 0.940681 1.73134 11.0926
30 0.941156 1.71746 11.4626
31 0.941168 1.70443 11.8518
32 0.941608 1.69136 12.2359
33 0.94162 1.6796 12.6068
34 0.941822 1.6677 12.976
35 0.942285 1.65612 13.3446
36 0.942178 1.64509 13.7068
37 0.942571 1.63436 14.0889
38 0.942737 1.62466 14.4874
39 0.942547 1.61484 14.8615
40 0.942678 1.60524 15.2429
41 0.943082 1.59608 15.6202
42 0.942998 1.58714 15.9967
43 0.943331 1.57835 16.3703
44 0.943509 1.56979 16.7128
45 0.943735 1.56164 17.1148
46 0.94389 1.5536 17.4893
47 0.944104 1.54589 17.856
48 0.943735 1.5382 18.2333
49 0.944032 1.53116 18.596
50 0.944163 1.5236 18.9527
51 0.944092 1.5163 19.3068
52 0.944092 1.50973 19.6951
53 0.944246 1.50298 20.061
54 0.944603 1.49628 20.418
55 0.944579 1.49028 20.7825
56 0.944805 1.48357 21.1875
57 0.944995 1.47737 21.5448
58 0.944959 1.47135 21.9379
59 0.945031 1.46566 22.3157
60 0.945114 1.46019 22.6839
61 0.945352 1.45468 23.0672
62 0.945102 1.44928 23.4522
63 0.945399 1.44379 23.8346
64 0.945578 1.43836 24.2155
65 0.945435 1.43324 24.5871
66 0.946041 1.42778 24.9401
67 0.945554 1.42327 25.3413
68 0.945578 1.4184 25.7315
69 0.945673 1.41371 26.1081
70 0.94553 1.40914 26.4885
71 0.94597 1.40465 26.8571
72 0.945863 1.39993 27.2405
73 0.945982 1.39567 27.6215
74 0.945684 1.39171 27.9872
75 0.945863 1.38715 28.3595
76 0.946041 1.38282 28.7471
77 0.946053 1.37876 29.1202
78 0.9461 1.37452 29.4989
79 0.946041 1.37101 29.873
80 0.946362 1.36689 30.2355
81 0.946219 1.36298 30.6049
82 0.946303 1.35896 30.9876
83 0.946112 1.35575 31.3628
84 0.946267 1.35197 31.7366
85 0.946196 1.34843 32.1119
86 0.9466 1.34446 32.4883
87 0.946481 1.34135 32.849
88 0.946314 1.3379 33.2228
89 0.946742 1.33472 33.5833
90 0.946671 1.33118 33.9538
91 0.947028 1.32796 34.3542
92 0.947075 1.32465 34.731
93 0.946909 1.32148 35.0948
94 0.94723 1.31816 35.4499
95 0.947111 1.31523 35.8398
96 0.946635 1.31218 36.2246
97 0.94723 1.30904 36.5843
98 0.946683 1.30624 36.9707
99 0.946932 1.30351 37.3367
100 0.946944 1.30071 37.7274
