1 0.819439 1.97181 0.263201
2 0.86868 1.78677 0.533118
3 0.890442 1.70339 0.805385
4 0.901329 1.65745 1.07079
5 0.907628 1.62584 1.34039
6 0.913832 1.60144 1.61195
7 0.916827 1.58203 1.85408
8 0.919846 1.56503 2.09779
9 0.922128 1.54956 2.35731
10 0.924457 1.53531 2.62208
11 0.925551 1.52272 2.88401
12 0.926763 1.51038 3.14961
13 0.929188 1.49937 3.41954
14 0.930067 1.4891 3.69077
15 0.931327 1.47923 3.96186
16 0.931398 1.4698 4.25987
17 0.933134 1.46091 4.53579
18 0.933514 1.45245 4.80949
19 0.934263 1.44436 5.08986
20 0.93519 1.43647 5.35125
21 0.935558 1.42895 5.64172
22 0.936212 1.42192 5.93575
23 0.936925 1.41498 6.23464
24 0.937436 1.408 6.52207
25 0.937353 1.40187 6.8088
26 0.938042 1.39556 7.10516
27 0.938328 1.38945 7.39009
28 0.938541 1.38349 7.68357
29 0.938946 1.37786 7.96771
30 0.939314 1.37246 8.22756
31 0.939742 1.36708 8.44805
32 0.939873 1.36204 8.7101
33 0.94036 1.35669 8.97037
34 0.940158 1.3516 9.22133
35 0.940812 1.34685 9.47346
36 0.940681 1.34203 9.72626
37 0.941002 1.33749 9.97267
38 0.941655 1.33285 10.2177
39 0.941334 1.32874 10.4524
40 0.941869 1.32439 10.6891
41 0.941834 1.32007 10.9504
42 0.941917 1.31583 11.2097
43 0.942155 1.31176 11.48
44 0.94263 1.30772 11.72
45 0.942582 1.30392 11.9661
46 0.942856 1.29991 12.2087
47 0.94282 1.29638 12.4696
48 0.942939 1.29286 12.7291
49 0.943082 1.28931 13.003
50 0.943319 1.28592 13.2395
51 0.943426 1.28227 13.5147
52 0.943735 1.27899 13.7706
53 0.943795 1.27571 14.059
54 0.943723 1.27244 14.3494
55 0.943807 1.26906 14.6468
56 0.944175 1.26577 14.9159
57 0.944009 1.26276 15.1934
58 0.943997 1.2598 15.484
59 0.944187 1.25681 15.7559
60 0.944318 1.25397 16.0449
61 0.944496 1.25113 16.3207
62 0.944543 1.24821 16.582
63 0.944294 1.24549 16.8487
64 0.944746 1.24276 17.1086
65 0.944591 1.23988 17.3722
66 0.944912 1.23721 17.6576
67 0.945055 1.23459 17.8894
68 0.944781 1.23205 18.1408
69 0.944912 1.22941 18.3573
70 0.945197 1.22705 18.6384
71 0.9449 1.22451 18.9119
72 0.94509 1.22211 19.1846
73 0.945471 1.21967 19.4427
74 0.945138 1.21732 19.704
75 0.945209 1.21508 19.9781
76 0.94515 1.21263 20.2654
77 0.945316 1.21032 20.5496
78 0.945506 1.20802 20.7933
79 0.945352 1.20596 21.0861
80 0.945732 1.20372 21.3478
81 0.945768 1.20159 21.6079
82 0.945863 1.19945 21.8597
83 0.945684 1.19736 22.1293
84 0.945649 1.19511 22.3885
85 0.946029 1.19319 22.6463
86 0.945898 1.19103 22.9063
87 0.946172 1.18897 23.1555
88 0.94635 1.18704 23.4112
89 0.946469 1.18491 23.673
90 0.946457 1.18318 23.9189
91 0.946207 1.1812 24.1962
92 0.946421 1.17942 24.4562
93 0.946481 1.17743 24.7216
94 0.946314 1.17557 25.0055
95 0.946433 1.17385 25.2539
96 0.946481 1.17196 25.5272
97 0.946612 1.17011 25.7924
98 0.946671 1.16854 26.08
99 0.946707 1.16692 26.3356
100 0.946885 1.1651 26.6136
