1 0.897941 2.72979 1.14896
2 0.90077 2.36401 2.43612
3 0.902149 2.18691 3.62567
4 0.903682 2.07257 4.78084
5 0.904241 1.99534 5.99078
6 0.905108 1.93542 7.17404
7 0.905714 1.88557 8.37895
8 0.906796 1.84686 9.56356
9 0.90758 1.81742 10.9155
10 0.907735 1.78926 12.2055
11 0.908258 1.76456 13.5288
12 0.91054 1.74337 14.8484
13 0.911205 1.72362 16.0461
14 0.91281 1.7055 17.2615
15 0.914034 1.69065 18.4151
16 0.915425 1.67655 19.7004
17 0.916815 1.66085 20.8299
18 0.918955 1.64912 22.1408
19 0.92025 1.63764 23.241
20 0.922378 1.62406 24.4636
21 0.923507 1.615 25.6951
22 0.925111 1.60445 27.01
23 0.926644 1.59638 28.2019
24 0.92775 1.58769 29.5087
25 0.928415 1.58018 30.7482
26 0.92933 1.57297 31.9258
27 0.930043 1.56703 33.2507
28 0.930757 1.56092 34.4174
29 0.931066 1.55492 35.5889
30 0.932207 1.54951 36.7786
31 0.932432 1.54627 37.9573
32 0.932444 1.54323 39.0673
33 0.93311 1.53757 40.3305
34 0.933764 1.53417 41.4989
35 0.933835 1.53106 42.8619
36 0.934061 1.52941 44.1315
37 0.934037 1.52658 45.317
38 0.934322 1.52262 46.4916
39 0.934596 1.51974 47.8399
40 0.935047 1.5178 49.1007
41 0.934976 1.51597 50.3365
42 0.934786 1.51283 51.579
43 0.934893 1.51211 52.7787
44 0.935475 1.50986 54.0063
45 0.935344 1.50805 55.173
46 0.93538 1.50631 56.3377
47 0.93538 1.50589 57.5357
48 0.935653 1.50605 58.6105
49 0.936176 1.50187 59.8189
50 0.935832 1.50125 61.088
51 0.936224 1.50125 62.501
52 0.935879 1.49972 63.8115
53 0.936141 1.4982 65.0425
54 0.93645 1.49758 66.3505
55 0.93639 1.49655 67.6492
56 0.93658 1.49688 68.7983
57 0.936248 1.49473 70.1532
58 0.93658 1.49376 71.319
59 0.93639 1.49399 72.6591
60 0.936414 1.49367 74.0014
61 0.936485 1.49261 75.2935
62 0.936153 1.49305 76.5967
63 0.936164 1.49244 77.8025
64 0.936735 1.49106 78.9309
65 0.93645 1.49099 80.1827
66 0.936509 1.49175 81.3475
67 0.936521 1.49062 82.7011
68 0.936343 1.49144 83.9741
69 0.93601 1.49215 85.3111
70 0.936331 1.48977 86.5852
71 0.935962 1.49135 87.8705
72 0.93639 1.49049 89.1099
73 0.936188 1.49012 90.3436
74 0.936057 1.4904 91.5948
75 0.936046 1.49 92.6934
76 0.936129 1.49002 93.7777
77 0.935832 1.49013 94.8915
78 0.935808 1.48967 95.9911
79 0.936176 1.49065 97.3333
80 0.935903 1.49032 98.5062
81 0.935534 1.48988 99.6535
82 0.935879 1.48937 100.847
83 0.935641 1.49067 102.045
84 0.935737 1.48859 103.35
85 0.936331 1.48979 104.69
86 0.935511 1.48947 106.005
87 0.935523 1.48926 107.203
88 0.935891 1.48964 108.296
89 0.935689 1.48952 109.629
90 0.93538 1.49012 110.934
91 0.935416 1.49013 112.293
92 0.935356 1.49026 113.544
93 0.935202 1.48958 114.729
94 0.93538 1.48929 115.916
95 0.935309 1.49061 117.155
96 0.935297 1.48902 118.508
97 0.935606 1.48913 119.798
98 0.935071 1.49034 121.044
99 0.935214 1.48958 122.201
100 0.934952 1.48889 123.3
