1 0.897692 2.75295 0.413097
2 0.899582 2.38427 0.819522
3 0.901079 2.20423 1.25975
4 0.902078 2.08954 1.67945
5 0.902494 2.00752 2.10312
6 0.903278 1.94768 2.52934
7 0.904098 1.89789 2.93068
8 0.904692 1.85941 3.37208
9 0.905845 1.82717 3.78866
10 0.906725 1.79873 4.21759
11 0.907176 1.77424 4.65112
12 0.90827 1.75261 5.07219
13 0.909791 1.73576 5.49033
14 0.910706 1.71751 5.92163
15 0.912275 1.70121 6.33603
16 0.913773 1.6861 6.75132
17 0.915425 1.67212 7.16887
18 0.916732 1.66058 7.58313
19 0.918788 1.64786 7.99934
20 0.92006 1.63496 8.40631
21 0.92195 1.62429 8.82835
22 0.923305 1.615 9.26044
23 0.924612 1.6063 9.67874
24 0.924969 1.59893 10.1053
25 0.926918 1.59078 10.553
26 0.927405 1.58304 11.0099
27 0.928344 1.57887 11.4529
28 0.929782 1.57131 11.895
29 0.93002 1.56777 12.3672
30 0.93021 1.56005 12.8267
31 0.931042 1.55689 13.2756
32 0.931256 1.55192 13.7115
33 0.931933 1.54899 14.166
34 0.932361 1.54585 14.6272
35 0.93305 1.54122 15.0642
36 0.933205 1.53861 15.5384
37 0.933229 1.53544 15.9816
38 0.93355 1.53321 16.4015
39 0.93368 1.53024 16.8312
40 0.933871 1.52744 17.2724
41 0.933835 1.5267 17.756
42 0.934643 1.52401 18.2115
43 0.934667 1.52188 18.6757
44 0.934833 1.51981 19.1383
45 0.934453 1.51937 19.5496
46 0.934596 1.51726 19.9769
47 0.934893 1.51574 20.4027
48 0.934857 1.51431 20.8325
49 0.935332 1.51324 21.264
50 0.935214 1.51285 21.7094
51 0.935404 1.51103 22.1369
52 0.935071 1.51172 22.5995
53 0.935606 1.50815 23.0372
54 0.935487 1.50921 23.465
55 0.93563 1.50845 23.8859
56 0.935725 1.50831 24.3459
57 0.93576 1.50663 24.7804
58 0.936081 1.5073 25.2143
59 0.935618 1.50672 25.6526
60 0.935368 1.50647 26.102
61 0.935558 1.50539 26.5317
62 0.935416 1.50503 26.959
63 0.935701 1.50486 27.4266
64 0.935451 1.50431 27.8401
65 0.935618 1.50375 28.2886
66 0.935606 1.50322 28.7391
67 0.935784 1.50312 29.2134
68 0.935808 1.50283 29.6417
69 0.935701 1.50361 30.0764
70 0.935855 1.50371 30.515
71 0.935748 1.50292 30.9676
72 0.935713 1.50363 31.4015
73 0.93595 1.50313 31.8572
74 0.935439 1.50328 32.3057
75 0.935463 1.50211 32.7293
76 0.935546 1.50301 33.1679
77 0.935214 1.50325 33.6059
78 0.935273 1.50276 34.0378
79 0.935594 1.50234 34.4868
80 0.935083 1.50242 34.9184
81 0.935392 1.50274 35.4027
82 0.934964 1.50185 35.8241
83 0.934726 1.50248 36.2751
84 0.934893 1.50119 36.6938
85 0.934774 1.50246 37.1248
86 0.934679 1.50281 37.5347
87 0.935059 1.50197 37.9888
88 0.934679 1.50282 38.365
89 0.935035 1.5023 38.8108
90 0.934928 1.502 39.2391
91 0.934916 1.50251 39.6804
92 0.93456 1.50287 40.1211
93 0.93475 1.50269 40.5312
94 0.934524 1.50187 40.9568
95 0.9345 1.50317 41.3701
96 0.934524 1.50284 41.8043
97 0.934489 1.50247 42.253
98 0.934524 1.50296 42.6984
99 0.934441 1.50251 43.1584
100 0.934405 1.5044 43.5788
