1 0.895826 2.7609 0.255547
2 0.898215 2.3961 0.541299
3 0.899605 2.21747 0.842196
4 0.90146 2.10481 1.1749
5 0.902291 2.02399 1.46446
6 0.902803 1.96321 1.71755
7 0.903813 1.91639 1.99196
8 0.904799 1.87583 2.26224
9 0.90518 1.84422 2.55371
10 0.905869 1.81492 2.81585
11 0.906594 1.79208 3.07034
12 0.908115 1.77047 3.32703
13 0.908888 1.75168 3.58136
14 0.910421 1.73301 3.81578
15 0.911586 1.71743 4.07671
16 0.91344 1.70251 4.34219
17 0.915401 1.6867 4.59932
18 0.917219 1.67414 4.88061
19 0.918717 1.66248 5.14239
20 0.920678 1.64998 5.38844
21 0.922128 1.63945 5.66308
22 0.922984 1.63168 5.93849
23 0.92479 1.62253 6.24534
24 0.926145 1.61617 6.48379
25 0.927084 1.60737 6.75123
26 0.927215 1.60197 7.0223
27 0.928023 1.59405 7.26276
28 0.928772 1.58875 7.53766
29 0.929782 1.58294 7.82016
30 0.929925 1.57799 8.07973
31 0.930412 1.5738 8.36942
32 0.930935 1.56943 8.64314
33 0.931351 1.56582 8.89458
34 0.931957 1.56162 9.16997
35 0.931577 1.55842 9.44805
36 0.931862 1.55555 9.75029
37 0.932325 1.55358 10.0336
38 0.932314 1.55119 10.3402
39 0.93286 1.54624 10.6381
40 0.932884 1.54512 10.9307
41 0.933264 1.54249 11.2252
42 0.933169 1.5406 11.4984
43 0.933431 1.53999 11.7512
44 0.933478 1.53687 12.0326
45 0.933871 1.53597 12.3032
46 0.933894 1.53307 12.5829
47 0.933502 1.53234 12.8252
48 0.934298 1.53136 13.089
49 0.933835 1.53007 13.3468
50 0.934096 1.52967 13.6333
51 0.934215 1.52834 13.9142
52 0.933882 1.52687 14.1744
53 0.934679 1.52607 14.4522
54 0.934346 1.5247 14.7193
55 0.93418 1.52484 14.9991
56 0.934465 1.52376 15.2657
57 0.934869 1.52335 15.5352
58 0.934465 1.52237 15.8025
59 0.934703 1.52158 16.0536
60 0.934489 1.52249 16.351
61 0.934833 1.5208 16.6481
62 0.934726 1.52053 16.9754
63 0.934916 1.52085 17.2656
64 0.934393 1.52117 17.543
65 0.934691 1.52033 17.8007
66 0.934869 1.51994 18.0733
67 0.934821 1.51874 18.3225
68 0.934703 1.52006 18.5879
69 0.934821 1.51753 18.8184
70 0.934655 1.51875 19.083
71 0.934762 1.51918 19.3259
72 0.934893 1.51843 19.6211
73 0.934631 1.51828 19.9229
74 0.934667 1.51692 20.2029
75 0.934821 1.5167 20.4712
76 0.934643 1.5179 20.7621
77 0.934738 1.51738 21.0181
78 0.934881 1.51671 21.303
79 0.934572 1.51782 21.5581
80 0.934465 1.51795 21.7996
81 0.934382 1.51699 22.0715
82 0.93418 1.51691 22.3529
83 0.934275 1.51758 22.6526
84 0.934191 1.51761 22.9155
85 0.934156 1.51663 23.1671
86 0.934287 1.51574 23.4361
87 0.934524 1.51703 23.6858
88 0.934275 1.51707 23.9791
89 0.934809 1.51741 24.2689
90 0.934358 1.5168 24.5732
91 0.934382 1.51574 24.8805
92 0.934132 1.51657 25.1717
93 0.933799 1.51583 25.4445
94 0.934643 1.5163 25.728
95 0.934168 1.51667 26.0142
96 0.934774 1.51631 26.2933
97 0.934096 1.51663 26.5671
98 0.934001 1.51657 26.8081
99 0.93393 1.51756 27.1204
100 0.933835 1.51686 27.3759
