1 0.893211 3.24662 1.15901
2 0.898298 2.77708 2.31711
3 0.900473 2.54951 3.77032
4 0.901139 2.40484 5.07486
5 0.901816 2.30168 6.14972
6 0.901959 2.22117 7.34398
7 0.902957 2.15847 8.50622
8 0.903694 2.10636 9.64539
9 0.903551 2.06047 10.8071
10 0.904276 2.02367 12.0917
11 0.904918 1.98958 13.2443
12 0.905334 1.95975 14.2672
13 0.905833 1.93419 15.5435
14 0.905667 1.90997 16.7531
15 0.906416 1.88946 17.8986
16 0.906677 1.87166 18.9226
17 0.90695 1.85269 20.0982
18 0.907224 1.83627 21.2584
19 0.907271 1.82275 22.4745
20 0.907949 1.80701 23.7859
21 0.908008 1.79344 24.955
22 0.9084 1.78179 26.0965
23 0.908626 1.77099 27.2517
24 0.909304 1.75982 28.3381
25 0.909684 1.75079 29.6024
26 0.910053 1.7401 30.7456
27 0.910801 1.73186 32.0649
28 0.911122 1.72162 33.3478
29 0.911574 1.7155 34.5135
30 0.911966 1.70533 35.6961
31 0.912917 1.69772 36.805
32 0.913143 1.69033 38.0812
33 0.914153 1.68313 39.2657
34 0.91508 1.67681 40.4239
35 0.915995 1.66996 41.4587
36 0.917077 1.66314 42.6525
37 0.917659 1.65552 43.8474
38 0.918455 1.65081 45.0099
39 0.919038 1.64419 46.1363
40 0.920024 1.63811 47.3359
41 0.920773 1.63221 48.4738
42 0.921926 1.62769 49.6383
43 0.922508 1.62232 50.8123
44 0.923459 1.61727 52.0301
45 0.923756 1.61275 53.1598
46 0.924267 1.60846 54.2877
47 0.924826 1.60384 55.5699
48 0.925729 1.59977 56.6906
49 0.926478 1.59619 57.8428
50 0.926739 1.59196 58.967
51 0.927512 1.5873 60.1289
52 0.927797 1.58387 61.2496
53 0.928201 1.58141 62.4353
54 0.928391 1.57795 63.6855
55 0.928914 1.57484 64.8385
56 0.929616 1.57131 66.0204
57 0.929972 1.5694 67.2017
58 0.930127 1.56578 68.3038
59 0.930483 1.56244 69.4619
60 0.930792 1.56056 70.6343
61 0.930982 1.55823 71.6992
62 0.931434 1.55497 72.9949
63 0.931398 1.55316 74.3118
64 0.931339 1.55109 75.4122
65 0.931909 1.54937 76.447
66 0.932016 1.54672 77.6617
67 0.932504 1.54445 78.8284
68 0.932088 1.54271 79.9888
69 0.93229 1.54094 81.1666
70 0.932516 1.5391 82.4492
71 0.932741 1.53698 83.7525
72 0.933003 1.53557 84.8532
73 0.933276 1.53426 86.0324
74 0.933241 1.53279 87.2265
75 0.933264 1.53043 88.3561
76 0.933359 1.52972 89.5236
77 0.933383 1.52812 90.7127
78 0.933871 1.52593 91.8916
79 0.933918 1.52435 93.053
80 0.933894 1.52392 94.2338
81 0.934001 1.52197 95.4561
82 0.934168 1.52134 96.6367
83 0.934263 1.52069 97.7868
84 0.93437 1.51951 98.9637
85 0.934429 1.51835 100.137
86 0.934548 1.51634 101.305
87 0.9345 1.51611 102.421
88 0.934809 1.51462 103.628
89 0.934762 1.51406 104.79
90 0.934869 1.51314 105.987
91 0.93456 1.51233 107.314
92 0.934928 1.51161 108.673
93 0.934905 1.51136 109.844
94 0.934988 1.5097 111.026
95 0.93519 1.50926 112.206
96 0.934881 1.50794 113.323
97 0.935083 1.50826 114.661
98 0.934988 1.50704 115.801
99 0.935332 1.50571 116.979
100 0.935095 1.50575 118.019
