1 0.901923 4.51541 0.257189
2 0.924921 4.30036 0.525045
3 0.934798 4.16529 0.77154
4 0.938862 4.08256 0.998292
5 0.942226 4.0123 1.22146
6 0.943022 3.96236 1.46499
7 0.943961 3.93446 1.75358
8 0.94534 3.9004 1.98002
9 0.945328 3.88112 2.24906
10 0.946885 3.84704 2.50518
11 0.947039 3.82778 2.75509
12 0.947194 3.80806 3.02006
13 0.94698 3.79547 3.24439
14 0.946754 3.77909 3.47979
15 0.947919 3.76681 3.73685
16 0.947087 3.75546 3.97347
17 0.947539 3.74788 4.22752
18 0.947883 3.73499 4.47303
19 0.947919 3.71971 4.72444
20 0.947836 3.71601 4.94775
21 0.948168 3.71224 5.21184
22 0.947455 3.71264 5.41106
23 0.947479 3.68973 5.66565
24 0.94805 3.68701 5.90226
25 0.947586 3.68319 6.15943
26 0.947907 3.67984 6.4005
27 0.94843 3.6757 6.64703
28 0.948109 3.66877 6.88768
29 0.94799 3.67106 7.11393
30 0.947955 3.66276 7.37302
31 0.948311 3.66299 7.64743
32 0.948133 3.65818 7.88911
33 0.9478 3.64588 8.14625
34 0.947337 3.64952 8.38655
35 0.94805 3.64727 8.66993
36 0.948014 3.63582 8.93037
37 0.948002 3.63394 9.18246
38 0.948121 3.63528 9.42069
39 0.947966 3.62581 9.65202
40 0.947741 3.62549 9.89347
41 0.947978 3.6238 10.1422
42 0.947753 3.62033 10.3912
43 0.947883 3.62011 10.6471
44 0.948038 3.61702 10.9183
45 0.9478 3.60933 11.1797
46 0.94799 3.61158 11.489
47 0.947753 3.6094 11.7322
48 0.947836 3.61024 11.9945
49 0.947657 3.60322 12.2699
50 0.947539 3.59939 12.5098
51 0.947657 3.59719 12.7648
52 0.947515 3.60104 13.0179
53 0.947978 3.6011 13.238
54 0.947515 3.59614 13.5271
55 0.947491 3.59782 13.7804
56 0.947574 3.59306 14.0259
57 0.947776 3.59175 14.2993
58 0.947515 3.59375 14.5601
59 0.947693 3.58908 14.7836
60 0.947788 3.58414 15.0588
61 0.94698 3.58326 15.3046
62 0.947158 3.58487 15.5417
63 0.946909 3.58548 15.7975
64 0.947348 3.57864 16.0212
65 0.946956 3.58039 16.2708
66 0.94723 3.58352 16.544
67 0.947384 3.57913 16.7884
68 0.947277 3.57778 16.9959
69 0.947574 3.57289 17.2546
70 0.947966 3.57168 17.4787
71 0.947443 3.57013 17.7303
72 0.94717 3.5713 17.9738
73 0.946992 3.57499 18.2166
74 0.947443 3.56934 18.4758
75 0.94742 3.56719 18.7189
76 0.947218 3.56603 18.9672
77 0.947301 3.56724 19.2068
78 0.947111 3.55932 19.4355
79 0.946968 3.56193 19.7441
80 0.947218 3.56267 19.991
81 0.947348 3.56248 20.2025
82 0.94698 3.56756 20.444
83 0.947301 3.56062 20.6935
84 0.946588 3.56293 20.9224
85 0.947301 3.56283 21.1818
86 0.946825 3.56032 21.4536
87 0.947206 3.55628 21.7195
88 0.946921 3.55492 21.9677
89 0.946897 3.55509 22.2378
90 0.947348 3.55792 22.4949
91 0.947146 3.5572 22.7396
92 0.94679 3.55775 22.9952
93 0.9466 3.55714 23.2262
94 0.947372 3.54862 23.4537
95 0.946707 3.55329 23.6973
96 0.946992 3.55238 23.9924
97 0.946695 3.55743 24.2548
98 0.947194 3.55397 24.5017
99 0.946909 3.55267 24.7185
100 0.947218 3.54815 24.9528
