1 0.902327 4.482 0.148287
2 0.925682 4.24921 0.307032
3 0.934334 4.11611 0.447264
4 0.93828 4.03991 0.595309
5 0.941049 3.98288 0.75383
6 0.942309 3.93188 0.915866
7 0.942927 3.88786 1.07166
8 0.943605 3.8613 1.22649
9 0.945399 3.83415 1.36943
10 0.94553 3.81683 1.52195
11 0.945554 3.80313 1.67604
12 0.945756 3.78192 1.81629
13 0.946421 3.76728 1.95489
14 0.946707 3.75754 2.09431
15 0.946873 3.74345 2.23481
16 0.946956 3.73689 2.37186
17 0.947218 3.72328 2.51855
18 0.946861 3.71178 2.67063
19 0.947004 3.70404 2.82495
20 0.947289 3.69014 2.98587
21 0.946956 3.68384 3.14627
22 0.947218 3.68405 3.29277
23 0.947539 3.68102 3.45003
24 0.947539 3.67888 3.59455
25 0.947467 3.66884 3.75154
26 0.946885 3.66562 3.9135
27 0.947753 3.65368 4.06445
28 0.947443 3.64975 4.22608
29 0.946968 3.65015 4.38322
30 0.946992 3.64682 4.53057
31 0.947955 3.63811 4.68595
32 0.947657 3.6321 4.8285
33 0.947467 3.62934 4.97926
34 0.947729 3.62235 5.12648
35 0.947182 3.62039 5.2737
36 0.94755 3.6167 5.4193
37 0.947253 3.61846 5.5591
38 0.947586 3.6149 5.70278
39 0.947432 3.6122 5.85687
40 0.946992 3.60661 6.00195
41 0.947253 3.604 6.1449
42 0.946849 3.60296 6.30149
43 0.946932 3.60189 6.45332
44 0.94698 3.60112 6.59921
45 0.946956 3.59513 6.75455
46 0.947075 3.59248 6.89113
47 0.947063 3.59448 7.02222
48 0.947443 3.597 7.15554
49 0.947384 3.59322 7.28306
50 0.947253 3.58537 7.41287
51 0.946944 3.58308 7.54718
52 0.947051 3.58137 7.68476
53 0.946944 3.58097 7.82038
54 0.947028 3.58016 7.95606
55 0.947134 3.58042 8.0944
56 0.946707 3.58205 8.23196
57 0.946814 3.57429 8.37382
58 0.946897 3.57467 8.53001
59 0.947004 3.57312 8.6733
60 0.947206 3.56864 8.81489
61 0.946707 3.57368 8.96825
62 0.946766 3.56836 9.10883
63 0.946944 3.56911 9.25006
64 0.946445 3.56615 9.38997
65 0.946742 3.56888 9.53403
66 0.946635 3.57037 9.67168
67 0.946623 3.565 9.80872
68 0.946849 3.56118 9.93312
69 0.946897 3.5626 10.0579
70 0.946683 3.56209 10.1899
71 0.946814 3.55852 10.3225
72 0.947075 3.56255 10.472
73 0.94679 3.55554 10.6049
74 0.947301 3.55999 10.756
75 0.946516 3.55847 10.913
76 0.946564 3.55253 11.0652
77 0.946695 3.55616 11.2083
78 0.946457 3.5542 11.3653
79 0.946326 3.55438 11.5054
80 0.946718 3.55142 11.6456
81 0.946873 3.55418 11.7936
82 0.946825 3.54963 11.9446
83 0.946718 3.55226 12.107
84 0.946766 3.54897 12.2587
85 0.946588 3.54808 12.4122
86 0.946314 3.54339 12.5615
87 0.946802 3.55031 12.7077
88 0.946362 3.54879 12.853
89 0.946303 3.54223 12.9963
90 0.946089 3.54386 13.1411
91 0.946588 3.54429 13.3062
92 0.945934 3.54457 13.462
93 0.946564 3.54053 13.6193
94 0.946528 3.5436 13.7696
95 0.946065 3.54192 13.9192
96 0.946089 3.54293 14.0572
97 0.946635 3.5453 14.1909
98 0.946338 3.54161 14.324
99 0.945982 3.54251 14.4613
100 0.946493 3.54258 14.596
