1 0.902767 4.50503 0.14675
2 0.92567 4.25882 0.278803
3 0.934905 4.1314 0.40625
4 0.9403 4.04564 0.536138
5 0.942059 3.98957 0.687071
6 0.944092 3.93681 0.823911
7 0.945031 3.90036 0.963144
8 0.945364 3.87073 1.10867
9 0.945589 3.84614 1.25056
10 0.946718 3.81645 1.38014
11 0.946837 3.80123 1.50839
12 0.947337 3.78401 1.63713
13 0.947372 3.77405 1.77984
14 0.947729 3.7597 1.91604
15 0.947966 3.74985 2.05313
16 0.947705 3.73835 2.18579
17 0.947848 3.72004 2.31753
18 0.947586 3.71585 2.45879
19 0.947646 3.69984 2.60243
20 0.948168 3.69282 2.73127
21 0.948038 3.69312 2.85762
22 0.94755 3.6797 2.98064
23 0.947348 3.67757 3.10436
24 0.94799 3.6662 3.24034
25 0.947753 3.66373 3.37472
26 0.947871 3.65325 3.50214
27 0.948204 3.65499 3.63573
28 0.947764 3.64899 3.76559
29 0.948145 3.64501 3.89226
30 0.947895 3.63908 4.02103
31 0.947955 3.63515 4.15076
32 0.948145 3.63268 4.27791
33 0.94761 3.62413 4.40838
34 0.948145 3.62355 4.54048
35 0.947907 3.61923 4.68298
36 0.947812 3.61399 4.8141
37 0.947527 3.61534 4.94291
38 0.947729 3.60921 5.07566
39 0.947907 3.60192 5.20655
40 0.94824 3.60464 5.33049
41 0.947836 3.59545 5.45563
42 0.948038 3.60009 5.58064
43 0.948038 3.59719 5.70587
44 0.947883 3.59151 5.82815
45 0.947943 3.59417 5.94961
46 0.948287 3.58823 6.07426
47 0.948228 3.58598 6.19392
48 0.947491 3.58491 6.30924
49 0.947764 3.58015 6.42401
50 0.947943 3.58137 6.54019
51 0.947978 3.57754 6.65618
52 0.948121 3.57866 6.77128
53 0.948252 3.57664 6.88589
54 0.948382 3.5716 7.00675
55 0.948335 3.57178 7.13968
56 0.948133 3.57085 7.27682
57 0.947966 3.57458 7.41875
58 0.947919 3.56594 7.55288
59 0.948466 3.56837 7.68708
60 0.94862 3.56879 7.81415
61 0.947883 3.56193 7.94356
62 0.947705 3.56703 8.07987
63 0.948228 3.56285 8.20965
64 0.947681 3.56542 8.33461
65 0.947693 3.56019 8.45765
66 0.947646 3.55705 8.5806
67 0.947907 3.55531 8.70829
68 0.947943 3.55934 8.83662
69 0.94824 3.55166 8.96116
70 0.947943 3.55248 9.08261
71 0.947384 3.55325 9.20123
72 0.947883 3.55883 9.31625
73 0.947824 3.55189 9.43396
74 0.948002 3.54978 9.55431
75 0.947859 3.54925 9.68018
76 0.94824 3.548 9.80345
77 0.9478 3.54495 9.92495
78 0.947955 3.54726 10.0529
79 0.947717 3.54936 10.1828
80 0.947859 3.54425 10.3088
81 0.947325 3.54317 10.4257
82 0.947539 3.54333 10.546
83 0.947955 3.54285 10.6642
84 0.947693 3.53982 10.783
85 0.947657 3.54059 10.8996
86 0.947717 3.5415 11.0182
87 0.948478 3.53848 11.1373
88 0.9478 3.54411 11.2555
89 0.947859 3.53731 11.3732
90 0.948014 3.53505 11.4894
91 0.947895 3.53904 11.6055
92 0.947646 3.53783 11.7195
93 0.947812 3.53596 11.84
94 0.948073 3.5361 11.9557
95 0.947646 3.54133 12.0697
96 0.947598 3.53675 12.1826
97 0.947883 3.5312 12.3034
98 0.948216 3.53319 12.4345
99 0.94742 3.53352 12.5678
100 0.94736 3.53169 12.6915
