1 0.900473 4.51925 0.171279
2 0.923114 4.28534 0.345917
3 0.933039 4.15941 0.481748
4 0.93828 4.07416 0.631295
5 0.94099 4.00471 0.79509
6 0.942749 3.9501 0.951366
7 0.943866 3.91766 1.11091
8 0.944448 3.88339 1.25867
9 0.944722 3.8605 1.41847
10 0.945126 3.83863 1.5851
11 0.946029 3.82599 1.75208
12 0.946041 3.80637 1.91054
13 0.945993 3.78721 2.09055
14 0.946849 3.78117 2.24298
15 0.946837 3.77099 2.39632
16 0.94673 3.75204 2.55839
17 0.947039 3.73324 2.71241
18 0.946564 3.72958 2.87199
19 0.946861 3.72171 3.02995
20 0.947241 3.71416 3.17382
21 0.947123 3.69945 3.31268
22 0.947253 3.69964 3.44969
23 0.947301 3.69527 3.6043
24 0.947289 3.68983 3.74372
25 0.947598 3.68202 3.8995
26 0.947634 3.67639 4.05233
27 0.947253 3.67169 4.1935
28 0.946921 3.66107 4.32928
29 0.94723 3.65423 4.4685
30 0.947515 3.66327 4.62632
31 0.947313 3.65545 4.7686
32 0.947194 3.64971 4.90616
33 0.947146 3.64305 5.04209
34 0.947717 3.64318 5.1791
35 0.947325 3.63461 5.31742
36 0.94742 3.62995 5.4715
37 0.947527 3.62861 5.61288
38 0.947265 3.62103 5.7518
39 0.947099 3.62568 5.89898
40 0.947004 3.62283 6.04902
41 0.946909 3.62053 6.19345
42 0.947004 3.61554 6.34657
43 0.946968 3.61199 6.49799
44 0.947372 3.6113 6.64055
45 0.947099 3.60635 6.79426
46 0.946944 3.60641 6.92977
47 0.94654 3.6006 7.06451
48 0.947004 3.60129 7.21861
49 0.946968 3.59792 7.36851
50 0.947337 3.59815 7.52826
51 0.946992 3.59767 7.67936
52 0.947039 3.59598 7.81774
53 0.946909 3.59306 7.95541
54 0.947218 3.58633 8.09951
55 0.947087 3.5943 8.24028
56 0.946956 3.58717 8.39628
57 0.946683 3.58817 8.53575
58 0.947348 3.58255 8.67338
59 0.947265 3.58316 8.82622
60 0.94673 3.58208 8.99565
61 0.947063 3.58036 9.12984
62 0.946921 3.57739 9.27518
63 0.947004 3.58147 9.41158
64 0.946742 3.57799 9.55806
65 0.946921 3.57875 9.71279
66 0.946707 3.57679 9.89809
67 0.946897 3.57255 10.0546
68 0.94717 3.57262 10.2012
69 0.946659 3.57085 10.3809
70 0.946552 3.57002 10.5249
71 0.946219 3.57162 10.686
72 0.946421 3.56989 10.8185
73 0.947051 3.56489 10.9652
74 0.946136 3.56695 11.1128
75 0.946564 3.56538 11.2372
76 0.9466 3.56045 11.3674
77 0.94673 3.56388 11.5397
78 0.946564 3.55611 11.6888
79 0.94654 3.56217 11.8462
80 0.946267 3.55734 12.0079
81 0.946231 3.56075 12.1548
82 0.946944 3.55704 12.3038
83 0.946457 3.55493 12.455
84 0.946754 3.55441 12.6183
85 0.94654 3.55551 12.7582
86 0.94635 3.55511 12.9038
87 0.946659 3.55088 13.0715
88 0.946184 3.55935 13.2175
89 0.945887 3.55688 13.3692
90 0.946588 3.54612 13.5007
91 0.946112 3.55542 13.6595
92 0.946505 3.55144 13.7984
93 0.946053 3.54768 13.9553
94 0.946231 3.55175 14.1106
95 0.946231 3.55046 14.2631
96 0.946528 3.54478 14.3985
97 0.946291 3.54034 14.5527
98 0.946089 3.54888 14.7006
99 0.94597 3.54609 14.8663
100 0.946207 3.54435 15.0102
