1 0.764451 2.78072 0.619352
2 0.787235 2.28697 1.25216
3 0.798076 2.05229 1.89231
4 0.806729 1.90528 2.52957
5 0.812343 1.80324 3.19793
6 0.816776 1.72672 3.93727
7 0.820512 1.66658 4.70647
8 0.823938 1.61713 5.41355
9 0.827829 1.57526 6.26688
10 0.83112 1.54178 6.96244
11 0.834314 1.51159 7.66478
12 0.836831 1.48564 8.38724
13 0.839367 1.4616 9.03028
14 0.839986 1.44136 9.66029
15 0.840354 1.42241 10.2685
16 0.842619 1.40628 10.9085
17 0.844264 1.39223 11.5576
18 0.84498 1.37761 12.1977
19 0.846336 1.36463 12.8465
20 0.847226 1.35322 13.5086
21 0.848736 1.34123 14.2145
22 0.849549 1.33068 14.865
23 0.850652 1.32135 15.5139
24 0.851485 1.3116 16.154
25 0.85102 1.30297 16.823
26 0.851814 1.29449 17.4998
27 0.852782 1.28676 18.175
28 0.854485 1.27867 18.8349
29 0.854814 1.27066 19.4877
30 0.854892 1.26334 20.1463
31 0.854756 1.25644 20.7991
32 0.856034 1.24957 21.4579
33 0.855898 1.24334 22.0954
34 0.857079 1.23707 22.7134
35 0.85675 1.23031 23.3757
36 0.857021 1.22513 24.0406
37 0.857486 1.21891 24.6967
38 0.857892 1.21265 25.3441
39 0.859112 1.20776 25.9973
40 0.858067 1.20234 26.6436
41 0.859228 1.19732 27.2949
42 0.859847 1.19233 27.9541
43 0.860177 1.18733 28.6233
44 0.860157 1.18233 29.2921
45 0.860525 1.17834 29.9398
46 0.860428 1.1746 30.5875
47 0.860312 1.16881 31.2469
48 0.861512 1.16478 31.8893
49 0.861648 1.16058 32.5359
50 0.861377 1.15627 33.1923
51 0.861899 1.15222 33.8533
52 0.862229 1.14826 34.4811
53 0.862887 1.1444 35.1268
54 0.862867 1.14034 35.8844
55 0.862964 1.13672 36.5649
56 0.862867 1.13285 37.2217
57 0.863138 1.12955 37.8942
58 0.863971 1.126 38.6087
59 0.864029 1.12228 39.2785
60 0.864474 1.11864 39.9328
61 0.863119 1.11548 40.5785
62 0.863874 1.11229 41.2062
63 0.864493 1.10933 41.8579
64 0.864764 1.10602 42.5184
65 0.864958 1.10301 43.1761
66 0.864842 1.09986 43.8352
67 0.864629 1.09749 44.4899
68 0.864822 1.09414 45.1493
69 0.865035 1.0915 45.8008
70 0.86521 1.08878 46.4477
71 0.864939 1.08607 47.0708
72 0.864997 1.08327 47.7136
73 0.865984 1.0805 48.3868
74 0.865384 1.07759 49.044
75 0.865752 1.07524 49.6978
76 0.865636 1.07295 50.3694
77 0.866081 1.07037 51.0341
78 0.865965 1.06801 51.7009
79 0.86579 1.06571 52.3579
80 0.86579 1.06306 53.0024
81 0.866739 1.06058 53.6518
82 0.865945 1.05806 54.307
83 0.865616 1.05584 54.9581
84 0.865229 1.05368 55.6253
85 0.866274 1.05135 56.2844
86 0.866236 1.04894 56.9347
87 0.866294 1.04722 57.5894
88 0.866662 1.04527 58.2499
89 0.866352 1.04278 58.893
90 0.866778 1.04075 59.6283
91 0.866642 1.0389 60.3426
92 0.8667 1.03651 60.99
93 0.866991 1.03476 61.6521
94 0.867126 1.03283 62.3127
95 0.866933 1.03094 62.9707
96 0.866933 1.02862 63.6316
97 0.866449 1.02714 64.2859
98 0.866874 1.02566 64.9502
99 0.866739 1.02354 65.6015
100 0.866816 1.02201 66.2607
