1 0.760347 2.78619 0.259099
2 0.782802 2.28157 0.522235
3 0.79674 2.04453 0.781668
4 0.807155 1.89853 1.04743
5 0.811878 1.80073 1.34937
6 0.815053 1.72588 1.63508
7 0.820318 1.66656 1.95229
8 0.82268 1.6177 2.30065
9 0.826939 1.57664 2.61106
10 0.830191 1.54256 2.88049
11 0.832978 1.51288 3.16578
12 0.835476 1.48621 3.4339
13 0.836327 1.46314 3.73971
14 0.83927 1.44228 4.02528
15 0.841225 1.42405 4.31369
16 0.842406 1.40785 4.59413
17 0.844342 1.39263 4.87754
18 0.845639 1.37916 5.15066
19 0.846858 1.36661 5.43933
20 0.847381 1.35526 5.72311
21 0.84831 1.34339 6.01397
22 0.849626 1.33276 6.30207
23 0.850401 1.32279 6.58331
24 0.851407 1.31306 6.88947
25 0.851756 1.305 7.20659
26 0.851949 1.29618 7.49064
27 0.853343 1.28768 7.76906
28 0.85373 1.27997 8.06233
29 0.85464 1.27284 8.32902
30 0.85526 1.26578 8.58911
31 0.855589 1.25931 8.85221
32 0.85555 1.25214 9.11969
33 0.856537 1.2455 9.39392
34 0.856189 1.23906 9.65343
35 0.857195 1.23287 9.92119
36 0.857583 1.22796 10.188
37 0.858609 1.22136 10.4532
38 0.859364 1.21601 10.7149
39 0.858357 1.21058 10.9814
40 0.85948 1.2055 11.2488
41 0.859731 1.1997 11.5125
42 0.859867 1.19413 11.7758
43 0.859983 1.18957 12.0372
44 0.860138 1.18526 12.3087
45 0.860699 1.18082 12.5693
46 0.860312 1.17637 12.8334
47 0.86068 1.17174 13.0955
48 0.861009 1.16718 13.3801
49 0.862093 1.16355 13.6504
50 0.862151 1.15909 13.9254
51 0.862267 1.15479 14.197
52 0.862751 1.15084 14.4585
53 0.862751 1.14707 14.7298
54 0.863293 1.14287 14.9908
55 0.862732 1.13906 15.2571
56 0.863196 1.13603 15.5203
57 0.863448 1.13142 15.8209
58 0.863429 1.12828 16.1059
59 0.863467 1.12466 16.3774
60 0.863448 1.12137 16.6445
61 0.864416 1.11819 16.9433
62 0.863545 1.1149 17.2339
63 0.863971 1.11211 17.5129
64 0.864513 1.10887 17.8491
65 0.86428 1.10561 18.1748
66 0.864648 1.10249 18.4844
67 0.865055 1.09929 18.8018
68 0.864881 1.09688 19.099
69 0.865035 1.09411 19.4355
70 0.865674 1.09095 19.7826
71 0.865636 1.08842 20.1179
72 0.865365 1.08523 20.4882
73 0.865829 1.08307 20.7845
74 0.865597 1.07985 21.1148
75 0.865926 1.07761 21.4215
76 0.865171 1.07524 21.8121
77 0.866507 1.07265 22.2724
78 0.866332 1.07022 22.5722
79 0.866933 1.06789 22.8436
80 0.866623 1.06523 23.1053
81 0.866274 1.06328 23.3962
82 0.866565 1.06065 23.6593
83 0.866894 1.05838 23.9228
84 0.866468 1.05692 24.2265
85 0.867378 1.05434 24.5699
86 0.866623 1.05248 24.8284
87 0.866894 1.04993 25.0882
88 0.867281 1.04786 25.3955
89 0.867552 1.04566 25.6785
90 0.866991 1.04389 25.9491
91 0.866952 1.04207 26.2199
92 0.8673 1.03966 26.4872
93 0.866836 1.03851 26.8301
94 0.867513 1.03596 27.1124
95 0.867804 1.03431 27.3942
96 0.868036 1.03243 27.6612
97 0.868152 1.03037 27.9215
98 0.868326 1.02858 28.2075
99 0.867746 1.02687 28.4842
100 0.868171 1.02497 28.7868
