1 0.760966 2.77683 0.254656
2 0.782996 2.2754 0.519614
3 0.796914 2.03596 0.781944
4 0.805645 1.88924 1.04491
5 0.812536 1.79016 1.30969
6 0.817627 1.71274 1.57583
7 0.820473 1.65197 1.86264
8 0.824461 1.60174 2.15232
9 0.828081 1.56017 2.44243
10 0.829997 1.52506 2.70142
11 0.833269 1.49559 2.96951
12 0.835359 1.46941 3.28146
13 0.837915 1.44708 3.65501
14 0.839309 1.42724 3.97381
15 0.840973 1.40829 4.24087
16 0.842599 1.3923 4.49945
17 0.844458 1.37692 4.75826
18 0.844864 1.36416 5.01647
19 0.845406 1.35051 5.2746
20 0.847032 1.33922 5.53288
21 0.847574 1.32842 5.79132
22 0.847884 1.31759 6.05081
23 0.849684 1.30789 6.31089
24 0.850072 1.29884 6.56876
25 0.851117 1.29026 6.8262
26 0.851156 1.2829 7.08334
27 0.851291 1.27482 7.34712
28 0.852182 1.26703 7.6155
29 0.853459 1.25891 7.88029
30 0.853362 1.25233 8.14055
31 0.854369 1.24515 8.40133
32 0.854892 1.23845 8.65998
33 0.855318 1.23251 8.9184
34 0.855647 1.22651 9.17938
35 0.855414 1.22105 9.44027
36 0.856015 1.21413 9.69958
37 0.857486 1.20899 9.96053
38 0.857331 1.20368 10.2191
39 0.857776 1.19818 10.4798
40 0.857428 1.1928 10.7356
41 0.858125 1.18817 10.9977
42 0.857718 1.18302 11.2588
43 0.85826 1.17794 11.527
44 0.859151 1.17326 11.785
45 0.859112 1.16853 12.0436
46 0.858899 1.16423 12.305
47 0.859576 1.15994 12.5653
48 0.860389 1.15573 12.8222
49 0.860312 1.15117 13.0775
50 0.860951 1.14801 13.3364
51 0.860796 1.14369 13.5966
52 0.861745 1.13987 13.8626
53 0.86157 1.1358 14.1306
54 0.861493 1.13214 14.3935
55 0.861957 1.12826 14.6486
56 0.862441 1.12425 14.9047
57 0.862074 1.12133 15.1759
58 0.862983 1.11742 15.5443
59 0.862132 1.11441 15.8563
60 0.863158 1.11095 16.1594
61 0.862403 1.10736 16.4487
62 0.862596 1.10433 16.7147
63 0.863022 1.1014 16.9986
64 0.863216 1.09821 17.2673
65 0.862751 1.09445 17.5394
66 0.863448 1.09167 17.8399
67 0.863932 1.08894 18.1173
68 0.863409 1.08605 18.3865
69 0.863584 1.08274 18.6571
70 0.863177 1.08031 18.9314
71 0.863564 1.07752 19.2367
72 0.863913 1.07499 19.5483
73 0.864513 1.07231 19.8242
74 0.863777 1.06962 20.0939
75 0.86368 1.06758 20.3625
76 0.864087 1.06463 20.6246
77 0.863816 1.06215 20.9049
78 0.864571 1.06011 21.1846
79 0.864087 1.05732 21.4606
80 0.864474 1.05506 21.7301
81 0.865074 1.05251 21.9947
82 0.864551 1.0504 22.2612
83 0.864939 1.04831 22.5348
84 0.865481 1.0458 22.8078
85 0.864842 1.04397 23.0748
86 0.864474 1.04208 23.3425
87 0.865113 1.03979 23.6061
88 0.865306 1.03779 23.8678
89 0.865113 1.03545 24.1267
90 0.864977 1.03399 24.3961
91 0.864803 1.03161 24.6611
92 0.865113 1.03005 24.9251
93 0.86519 1.02809 25.1909
94 0.865868 1.02545 25.4557
95 0.865461 1.02381 25.7198
96 0.865248 1.02205 25.9809
97 0.865461 1.02091 26.2417
98 0.865113 1.01889 26.516
99 0.864706 1.0167 26.7799
100 0.865539 1.01555 27.0377
