1 0.756301 2.78522 0.257949
2 0.781467 2.28594 0.586033
3 0.79432 2.0497 0.873075
4 0.803806 1.9008 1.2317
5 0.809497 1.79724 1.55185
6 0.815014 1.72079 1.93606
7 0.819854 1.66166 2.2566
8 0.82388 1.61227 2.6168
9 0.827248 1.57005 2.93987
10 0.830443 1.53562 3.2191
11 0.83385 1.50433 3.56128
12 0.835863 1.47839 3.82542
13 0.83807 1.45481 4.10991
14 0.839502 1.43544 4.42183
15 0.840838 1.41712 4.73038
16 0.843258 1.40017 5.01863
17 0.84349 1.38601 5.34413
18 0.845232 1.37127 5.62285
19 0.846645 1.35909 5.90826
20 0.847633 1.34716 6.22638
21 0.84802 1.33671 6.53133
22 0.848852 1.32546 6.79453
23 0.848717 1.3162 7.06242
24 0.850014 1.30727 7.33837
25 0.851117 1.29741 7.59762
26 0.851214 1.28966 7.85632
27 0.851756 1.28139 8.11403
28 0.852859 1.27367 8.38316
29 0.85375 1.26633 8.64281
30 0.854292 1.25858 8.90939
31 0.855221 1.25179 9.17353
32 0.855956 1.24496 9.43561
33 0.855511 1.23884 9.7532
34 0.856344 1.23175 10.0566
35 0.856518 1.22688 10.4336
36 0.85735 1.22135 10.7422
37 0.857679 1.21493 11.0755
38 0.858492 1.20998 11.3599
39 0.858357 1.2046 11.6672
40 0.858434 1.19962 11.936
41 0.859015 1.19496 12.1969
42 0.858628 1.18957 12.5095
43 0.859576 1.185 12.7757
44 0.859809 1.17981 13.0364
45 0.85948 1.17527 13.3114
46 0.859886 1.1711 13.6026
47 0.860486 1.16685 13.922
48 0.860932 1.16223 14.2388
49 0.860157 1.15864 14.5522
50 0.860719 1.15428 14.8142
51 0.861628 1.14976 15.1261
52 0.862287 1.14622 15.3975
53 0.862016 1.14274 15.664
54 0.862558 1.13847 15.9893
55 0.862441 1.13439 16.2859
56 0.862887 1.13093 16.599
57 0.862945 1.12738 16.921
58 0.86279 1.12413 17.2199
59 0.862654 1.12083 17.5231
60 0.862674 1.11747 17.7964
61 0.863332 1.11421 18.0595
62 0.8637 1.11078 18.3252
63 0.863893 1.10791 18.5821
64 0.864377 1.10429 18.846
65 0.864261 1.10091 19.1103
66 0.864106 1.09874 19.386
67 0.86459 1.09569 19.6568
68 0.864455 1.09338 19.9293
69 0.864997 1.09 20.2477
70 0.864261 1.08719 20.5157
71 0.864474 1.08467 20.7765
72 0.864416 1.08239 21.0443
73 0.864997 1.0794 21.3106
74 0.865113 1.07744 21.5755
75 0.865365 1.07417 21.8376
76 0.866042 1.07165 22.0971
77 0.865636 1.0693 22.3605
78 0.866236 1.06669 22.6217
79 0.865887 1.0643 22.8807
80 0.865771 1.06186 23.147
81 0.866119 1.05964 23.4062
82 0.866197 1.05706 23.6637
83 0.866662 1.05511 23.9239
84 0.866449 1.05297 24.1875
85 0.866236 1.05097 24.4705
86 0.866603 1.04857 24.7883
87 0.866332 1.04615 25.1073
88 0.866371 1.04443 25.3714
89 0.866662 1.0428 25.6296
90 0.866778 1.04052 25.8878
91 0.867029 1.03819 26.1474
92 0.866913 1.03668 26.4427
93 0.867281 1.03426 26.7276
94 0.867339 1.03204 27.0037
95 0.86701 1.03066 27.2676
96 0.867475 1.02854 27.5324
97 0.867378 1.02701 27.7963
98 0.867184 1.02523 28.0604
99 0.867494 1.02309 28.3439
100 0.86823 1.0216 28.61
