1 0.936771 4.1378 1.05918
2 0.944639 3.94248 2.11001
3 0.946077 3.83842 3.15351
4 0.947432 3.77828 4.20484
5 0.947705 3.73872 5.25192
6 0.947705 3.70907 6.29976
7 0.948466 3.69208 7.34799
8 0.94818 3.66306 8.40285
9 0.948014 3.65875 9.45793
10 0.947586 3.64576 10.5839
11 0.947824 3.63016 11.6178
12 0.947895 3.62109 12.6575
13 0.947919 3.61338 13.7053
14 0.947836 3.61034 14.7411
15 0.947776 3.59672 15.7833
16 0.94761 3.59036 16.8219
17 0.947515 3.58661 17.8588
18 0.94761 3.57825 18.8988
19 0.94805 3.57492 19.938
20 0.947348 3.57198 20.9741
21 0.946849 3.57373 22.0182
22 0.947301 3.56131 23.0589
