1 0.83443 1.8778 0.18788
2 0.837663 1.64979 0.372585
3 0.838437 1.55336 0.598275
4 0.840393 1.49756 0.794187
5 0.838941 1.47483 0.994051
6 0.841128 1.44575 1.16797
7 0.841438 1.42877 1.37008
8 0.841438 1.41837 1.54907
9 0.844342 1.40752 1.73182
10 0.846316 1.40232 1.91266
11 0.845077 1.39318 2.09133
12 0.846065 1.39671 2.30049
13 0.847749 1.38357 2.48132
14 0.848136 1.39152 2.66197
15 0.846723 1.38548 2.82155
16 0.848968 1.37484 3.02099
17 0.847942 1.38 3.19555
18 0.851407 1.37144 3.38461
19 0.850923 1.36954 3.56285
20 0.851369 1.36714 3.7415
21 0.851117 1.36513 3.94066
22 0.85102 1.37132 4.16509
23 0.851678 1.36394 4.33496
24 0.850498 1.3665 4.52907
25 0.853304 1.35545 4.7161
26 0.853169 1.36714 4.90995
27 0.85375 1.36617 5.08696
28 0.852685 1.35679 5.27009
29 0.852685 1.36207 5.43859
30 0.853692 1.35788 5.62619
31 0.854272 1.36241 5.81569
32 0.853827 1.35745 6.00855
33 0.854698 1.35561 6.17863
34 0.854601 1.35633 6.37994
35 0.852511 1.35436 6.57275
36 0.854698 1.35532 6.77887
37 0.854679 1.35488 6.99028
38 0.854853 1.35353 7.173
39 0.853343 1.35223 7.35641
40 0.854234 1.35502 7.5462
41 0.854737 1.35319 7.74101
42 0.853653 1.35418 7.93462
43 0.855627 1.34851 8.14098
44 0.852569 1.35677 8.33572
45 0.854369 1.35367 8.51231
46 0.853227 1.35448 8.70324
47 0.85646 1.3451 8.89848
48 0.854969 1.35218 9.11764
49 0.854776 1.35012 9.32134
50 0.855434 1.35492 9.51365
51 0.854195 1.35127 9.7163
52 0.85433 1.35149 9.90676
53 0.855802 1.35123 10.1017
54 0.854059 1.35171 10.285
55 0.855318 1.35236 10.4981
56 0.854601 1.35113 10.6945
57 0.85586 1.34704 10.9326
58 0.855182 1.3493 11.1526
59 0.855821 1.34852 11.3602
60 0.854659 1.35213 11.5446
61 0.853866 1.35493 11.73
62 0.854814 1.34505 11.9346
63 0.856015 1.34571 12.1247
64 0.855047 1.35032 12.3129
65 0.854679 1.3506 12.537
66 0.856344 1.35006 12.7313
67 0.855995 1.34752 12.9272
68 0.855298 1.35134 13.1226
69 0.855473 1.34894 13.3394
70 0.854582 1.34732 13.5346
71 0.855356 1.34759 13.7286
72 0.85586 1.35244 13.91
73 0.854911 1.34601 14.1361
74 0.854679 1.34476 14.3274
75 0.855105 1.34806 14.5359
76 0.855085 1.3505 14.7024
77 0.856537 1.34282 14.9283
78 0.855744 1.34545 15.1142
79 0.854911 1.34777 15.3196
80 0.854292 1.34369 15.4901
81 0.855085 1.34599 15.7022
82 0.854388 1.34475 15.896
83 0.854117 1.35163 16.0991
84 0.85526 1.34586 16.3022
85 0.854311 1.34782 16.5008
86 0.854911 1.34886 16.6939
87 0.854776 1.34586 16.912
88 0.854214 1.34704 17.1506
89 0.854853 1.34589 17.3616
90 0.854369 1.34795 17.5742
91 0.853963 1.34253 17.7628
92 0.855473 1.3485 17.9531
93 0.855589 1.34455 18.1812
94 0.855666 1.33976 18.3665
95 0.855453 1.34572 18.5568
96 0.854776 1.34764 18.7554
97 0.856266 1.34446 18.9702
98 0.855976 1.34245 19.1608
99 0.854834 1.34469 19.3429
100 0.854698 1.34484 19.5611
