1 0.811646 3.52225 0.593929
2 0.824074 2.87865 1.35774
3 0.82992 2.56085 2.07807
4 0.832998 2.36424 2.80001
5 0.834643 2.22406 3.54263
6 0.835205 2.12024 4.12754
7 0.835843 2.0368 4.87567
8 0.836289 1.97289 5.63049
9 0.837044 1.9156 6.36625
10 0.837508 1.86882 6.96067
11 0.837373 1.82854 7.60434
12 0.838399 1.79516 8.34807
13 0.838476 1.76308 9.10752
14 0.838863 1.73581 9.76982
15 0.839444 1.71105 10.4896
16 0.840083 1.6896 11.2138
17 0.840063 1.67082 11.9407
18 0.839851 1.65071 12.6032
19 0.840083 1.63494 13.3312
20 0.840199 1.6184 14.0136
21 0.840373 1.60577 14.7008
22 0.84047 1.59255 15.4468
23 0.839812 1.58019 16.1085
24 0.840973 1.56797 16.8716
25 0.840122 1.55927 17.6128
26 0.840896 1.54803 18.3738
27 0.840722 1.54006 18.9572
28 0.84078 1.52972 19.6728
29 0.840509 1.52216 20.416
30 0.840973 1.51364 21.1763
31 0.840915 1.5058 21.9103
32 0.840567 1.49941 22.6738
33 0.840489 1.49338 23.4872
34 0.839947 1.48722 24.1065
35 0.840818 1.48109 24.8498
36 0.840664 1.47547 25.6178
37 0.84076 1.47087 26.38
38 0.841031 1.46506 27.1196
39 0.840722 1.46076 27.8233
40 0.840644 1.45678 28.5684
41 0.840567 1.45257 29.3
42 0.840528 1.44831 30.0453
43 0.840354 1.44303 30.765
44 0.840257 1.44064 31.5602
45 0.840257 1.43704 32.2855
46 0.840257 1.43216 32.9253
47 0.840625 1.42976 33.61
48 0.840199 1.42645 34.3709
49 0.840296 1.4229 34.9893
50 0.840412 1.42111 35.7187
51 0.840896 1.4181 36.4665
52 0.840063 1.41641 37.2321
53 0.840296 1.41143 37.9327
54 0.840102 1.40987 38.6747
55 0.840083 1.40811 39.3574
56 0.840354 1.40646 40.0829
57 0.840606 1.40296 40.6878
58 0.840005 1.39997 41.4098
59 0.840276 1.39805 42.1738
60 0.840509 1.39597 42.9445
61 0.840218 1.39497 43.6799
62 0.840063 1.39228 44.4355
63 0.84018 1.3922 45.1617
64 0.84016 1.38886 45.8799
65 0.840296 1.38698 46.6077
66 0.840431 1.38518 47.3363
67 0.840606 1.38517 48.0705
68 0.840025 1.3837 48.8372
69 0.84016 1.3812 49.6048
70 0.840702 1.37953 50.2112
71 0.840528 1.37706 50.7979
72 0.840276 1.37795 51.5588
73 0.84047 1.37558 52.3375
74 0.840218 1.3731 53.1029
75 0.840393 1.37305 53.7849
76 0.840083 1.37165 54.502
77 0.840489 1.37033 55.2074
78 0.840335 1.37023 55.9517
79 0.840547 1.36897 56.7099
80 0.840664 1.3668 57.4567
81 0.84016 1.36624 58.2071
82 0.840509 1.36492 58.9673
83 0.841051 1.36406 59.5835
84 0.840896 1.36349 60.3681
85 0.84078 1.36206 61.0265
86 0.840915 1.36065 61.7922
87 0.841283 1.35968 62.5246
88 0.841206 1.35972 63.2147
89 0.84167 1.36005 63.9687
90 0.841012 1.35596 64.6379
91 0.840973 1.35679 65.4084
92 0.841109 1.35592 66.0163
93 0.841341 1.35661 66.7479
94 0.841167 1.35448 67.4981
95 0.840993 1.35293 68.242
96 0.84136 1.35135 69.002
97 0.841419 1.3515 69.7579
98 0.841651 1.3505 70.4899
99 0.841941 1.34975 71.2406
100 0.842135 1.35032 71.986
