1 0.832165 1.91253 0.155344
2 0.836114 1.66184 0.3323
3 0.836347 1.55603 0.477672
4 0.835301 1.51256 0.64802
5 0.836908 1.47556 0.765412
6 0.837005 1.4544 0.933434
7 0.837663 1.43751 1.13228
8 0.83714 1.42432 1.26737
9 0.838224 1.41289 1.41883
10 0.838341 1.39958 1.57127
11 0.840489 1.4 1.72358
12 0.840993 1.40234 1.88151
13 0.841612 1.38559 2.036
14 0.841515 1.38682 2.1943
15 0.843645 1.38662 2.34551
16 0.843529 1.38647 2.50683
17 0.843451 1.37781 2.66845
18 0.843374 1.37947 2.82581
19 0.844613 1.37911 2.97864
20 0.845406 1.37193 3.12616
21 0.846897 1.36984 3.27819
22 0.846239 1.36996 3.4388
23 0.847749 1.36813 3.61707
24 0.847323 1.36507 3.75627
25 0.847052 1.366 3.92758
26 0.848484 1.36775 4.09014
27 0.84953 1.36007 4.2459
28 0.848871 1.35996 4.3827
29 0.850072 1.35992 4.53649
30 0.850207 1.35815 4.70267
31 0.850033 1.36107 4.8589
32 0.848891 1.36079 5.01746
33 0.851446 1.35837 5.1606
34 0.84953 1.35658 5.33045
35 0.851582 1.35801 5.50014
36 0.850304 1.35955 5.67305
37 0.850052 1.35438 5.85814
38 0.851311 1.35504 6.00027
39 0.848678 1.35729 6.16481
40 0.850904 1.35677 6.33098
41 0.851369 1.35151 6.50213
42 0.851156 1.35024 6.65847
43 0.851523 1.35111 6.83487
44 0.849588 1.35583 7.0044
45 0.851136 1.35299 7.16184
46 0.850865 1.35651 7.2969
47 0.850285 1.35161 7.44005
48 0.851543 1.35214 7.60748
49 0.849859 1.35122 7.74831
50 0.851543 1.35186 7.887
51 0.851601 1.35282 8.04356
52 0.85102 1.35367 8.19285
53 0.85162 1.34919 8.36273
54 0.850672 1.35217 8.52701
55 0.851156 1.3519 8.68144
56 0.85102 1.35179 8.82661
57 0.85102 1.35011 8.99328
58 0.852549 1.34405 9.15809
59 0.852007 1.35031 9.3133
60 0.850885 1.35193 9.46831
61 0.851194 1.34852 9.62839
62 0.851252 1.34981 9.79271
63 0.852046 1.35061 9.9656
64 0.852046 1.348 10.111
65 0.851949 1.3512 10.2466
66 0.851891 1.34884 10.4077
67 0.851988 1.349 10.5752
68 0.852472 1.34974 10.7466
69 0.853033 1.3459 10.886
70 0.852046 1.34483 11.0156
71 0.851775 1.34212 11.1752
72 0.853769 1.34645 11.3114
73 0.851059 1.34761 11.4579
74 0.851969 1.34594 11.5773
75 0.851311 1.34917 11.7475
76 0.852104 1.3465 11.9043
77 0.852162 1.34509 12.0796
78 0.851407 1.34212 12.244
79 0.851698 1.34333 12.4003
80 0.851988 1.34913 12.5577
81 0.852685 1.34114 12.704
82 0.85315 1.34391 12.8805
83 0.851098 1.34664 13.0738
84 0.85224 1.34413 13.2569
85 0.851969 1.34491 13.4436
86 0.85073 1.34397 13.6222
87 0.85222 1.35048 13.7553
88 0.853111 1.34371 13.9615
89 0.852898 1.34793 14.1224
90 0.852085 1.34214 14.3132
91 0.85133 1.34698 14.4601
92 0.851814 1.34863 14.6465
93 0.852317 1.34259 14.8153
94 0.85373 1.34419 14.9632
95 0.851465 1.34751 15.1667
96 0.850846 1.34676 15.3283
97 0.852608 1.34512 15.4833
98 0.853343 1.34443 15.6657
99 0.852433 1.34815 15.8625
100 0.85162 1.34185 16.0308
