1 0.830384 4.67289 0.11712
2 0.841128 4.30339 0.216082
3 0.853111 4.10425 0.318035
4 0.861396 3.98271 0.453352
5 0.865326 3.88971 0.579805
6 0.869314 3.79308 0.74597
7 0.870998 3.74345 0.874274
8 0.872024 3.68098 1.01069
9 0.872604 3.62839 1.11371
10 0.874076 3.57164 1.2399
11 0.875121 3.51982 1.36958
12 0.876341 3.49319 1.48596
13 0.875799 3.46426 1.61581
14 0.875102 3.44583 1.7508
15 0.875876 3.40759 1.88379
16 0.874773 3.3905 1.98594
17 0.876031 3.36211 2.09574
18 0.876128 3.33907 2.19986
19 0.876553 3.32057 2.30562
20 0.876128 3.30772 2.40586
21 0.875915 3.29751 2.52407
22 0.875198 3.28075 2.64318
23 0.875934 3.26676 2.73912
24 0.875721 3.25888 2.87534
25 0.875528 3.24253 2.99295
26 0.875237 3.23089 3.10493
27 0.87605 3.22687 3.21575
28 0.875198 3.21504 3.34483
29 0.875702 3.20103 3.4594
30 0.875586 3.19481 3.56885
31 0.875218 3.1842 3.67436
32 0.875934 3.17197 3.76757
33 0.875295 3.15889 3.87495
34 0.875586 3.15978 3.97222
35 0.87574 3.15457 4.07033
36 0.875876 3.14489 4.18842
37 0.875489 3.14655 4.30172
38 0.875566 3.13755 4.40293
39 0.875024 3.13011 4.53827
40 0.87576 3.12837 4.64748
41 0.875547 3.11152 4.7743
42 0.875528 3.11032 4.89138
43 0.874908 3.10862 4.98754
44 0.875508 3.10164 5.08963
45 0.874502 3.10211 5.19776
46 0.875528 3.09255 5.32358
47 0.874521 3.08876 5.43421
48 0.874656 3.08111 5.55145
49 0.874676 3.07527 5.65714
50 0.87545 3.07722 5.76393
51 0.875315 3.07077 5.88493
52 0.87607 3.07105 5.98904
53 0.875431 3.06137 6.08219
54 0.875392 3.07065 6.19878
55 0.87514 3.04914 6.2972
56 0.875198 3.05332 6.4557
57 0.874114 3.0512 6.59238
58 0.875276 3.04439 6.71471
59 0.874347 3.0436 6.81637
60 0.875005 3.03929 6.95267
61 0.874134 3.03839 7.07392
62 0.874095 3.02987 7.17827
63 0.874773 3.02697 7.25875
64 0.874714 3.0295 7.35827
65 0.874985 3.024 7.46899
66 0.874482 3.02262 7.56858
67 0.873727 3.01198 7.64866
68 0.873785 3.01577 7.73138
69 0.874521 3.01029 7.83748
70 0.87456 3.00781 7.94403
71 0.87456 3.00919 8.07295
72 0.873766 3.00444 8.17758
73 0.874424 3.00158 8.27669
74 0.874153 2.99581 8.3817
75 0.87516 3.00291 8.47352
76 0.874714 3.00239 8.58107
77 0.874792 2.99672 8.67377
78 0.875005 2.99553 8.77739
79 0.873669 2.99333 8.88465
80 0.873592 2.99281 8.9898
81 0.874676 2.99316 9.10867
82 0.87454 2.98592 9.23464
83 0.873688 2.98213 9.3592
84 0.873592 2.98254 9.47088
85 0.873843 2.98206 9.56118
86 0.874579 2.98259 9.65569
87 0.874076 2.97417 9.78925
88 0.874018 2.97283 9.91136
89 0.874637 2.97362 10.0105
90 0.873979 2.97267 10.1273
91 0.873843 2.97023 10.2191
92 0.874231 2.96396 10.3205
93 0.874405 2.96584 10.4491
94 0.874947 2.96389 10.5671
95 0.874114 2.96172 10.6875
96 0.874289 2.96538 10.7891
97 0.874269 2.96119 10.9171
98 0.874134 2.96224 11.022
99 0.873863 2.96282 11.1343
100 0.873824 2.95687 11.265
