1 0.818305 5.06946 0.121871
2 0.830191 4.59689 0.23605
3 0.835127 4.33541 0.34477
4 0.841128 4.15104 0.451556
5 0.848116 4.0252 0.543816
6 0.853362 3.93316 0.64742
7 0.857931 3.85457 0.738963
8 0.861144 3.79498 0.867615
9 0.864416 3.75596 0.979943
10 0.865539 3.70384 1.09328
11 0.867358 3.66945 1.20474
12 0.867842 3.6364 1.31837
13 0.869159 3.59761 1.41809
14 0.868713 3.57472 1.53756
15 0.869701 3.54541 1.63868
16 0.869894 3.51889 1.77297
17 0.870378 3.50081 1.88069
18 0.870765 3.47437 1.97999
19 0.871559 3.46161 2.07921
20 0.87154 3.43633 2.17711
21 0.871753 3.4208 2.27774
22 0.872024 3.40823 2.40876
23 0.872643 3.39309 2.52398
24 0.872895 3.37817 2.62044
25 0.873979 3.36631 2.75271
26 0.873611 3.35064 2.85761
27 0.87303 3.34187 2.95874
28 0.873514 3.32885 3.0867
29 0.874114 3.32063 3.18277
30 0.873998 3.3066 3.28119
31 0.874018 3.3012 3.40302
32 0.873476 3.29501 3.51955
33 0.874308 3.28205 3.6225
34 0.873669 3.27264 3.73488
35 0.874869 3.26698 3.83887
36 0.873979 3.25524 3.95764
37 0.87514 3.24664 4.04528
38 0.874385 3.23953 4.12926
39 0.874482 3.2329 4.22708
40 0.874831 3.22424 4.34778
41 0.874018 3.21957 4.44933
42 0.874908 3.21359 4.53002
43 0.874231 3.20755 4.62617
44 0.874598 3.20392 4.75193
45 0.874231 3.19678 4.84941
46 0.87456 3.19068 4.94022
47 0.873998 3.18349 5.03922
48 0.874889 3.17589 5.13459
49 0.875005 3.1771 5.23775
50 0.875024 3.17229 5.33138
51 0.875256 3.16542 5.42117
52 0.875005 3.1642 5.52519
53 0.875295 3.15646 5.62972
54 0.87454 3.15588 5.74067
55 0.874695 3.15224 5.84474
56 0.874753 3.14606 5.94357
57 0.875547 3.14144 6.04584
58 0.874676 3.13869 6.12104
59 0.875198 3.13226 6.20985
60 0.87454 3.12429 6.29344
61 0.875315 3.12746 6.39511
62 0.874579 3.12337 6.50329
63 0.875082 3.11538 6.59368
64 0.875489 3.11631 6.68166
65 0.875063 3.11236 6.78637
66 0.874811 3.1063 6.88701
67 0.875411 3.10632 6.98548
68 0.875218 3.10199 7.07215
69 0.874966 3.10024 7.16933
70 0.874676 3.09529 7.27246
71 0.875315 3.09663 7.37787
72 0.875005 3.09185 7.48946
73 0.875276 3.08726 7.58946
74 0.875024 3.08308 7.68507
75 0.874869 3.07788 7.77978
76 0.874637 3.07608 7.88936
77 0.87514 3.07757 8.00537
78 0.874482 3.07471 8.12095
79 0.874985 3.07072 8.24204
80 0.875315 3.06641 8.34233
81 0.874714 3.06594 8.46087
82 0.874695 3.06395 8.55213
83 0.874521 3.06173 8.68147
84 0.874734 3.05745 8.81372
85 0.875121 3.05935 8.92544
86 0.875489 3.05854 9.02531
87 0.874985 3.05367 9.13595
88 0.874985 3.05116 9.23293
89 0.87485 3.04608 9.33269
90 0.87514 3.04374 9.42739
91 0.875392 3.04304 9.53021
92 0.875082 3.03781 9.63447
93 0.874327 3.04106 9.72809
94 0.874482 3.03753 9.82608
95 0.874366 3.03492 9.93604
96 0.874695 3.03479 10.0598
97 0.875082 3.02996 10.1786
98 0.874656 3.02777 10.2908
99 0.874773 3.02683 10.4126
100 0.874618 3.02636 10.5357
