1 0.812904 3.54217 0.102346
2 0.825448 2.8942 0.191135
3 0.829339 2.57408 0.290323
4 0.833308 2.37446 0.383286
5 0.834643 2.23605 0.466982
6 0.83594 2.13118 0.574818
7 0.836753 2.04961 0.659372
8 0.837276 1.98246 0.737003
9 0.838457 1.92693 0.813328
10 0.839386 1.87842 0.886601
11 0.839289 1.83913 0.954074
12 0.839638 1.80355 1.022
13 0.839909 1.77234 1.0876
14 0.839851 1.74459 1.15327
15 0.840238 1.71937 1.22155
16 0.840238 1.69812 1.2913
17 0.840276 1.67738 1.36754
18 0.840412 1.65979 1.43258
19 0.840431 1.64356 1.51417
20 0.840586 1.62699 1.58202
21 0.840838 1.61338 1.64569
22 0.841573 1.59887 1.73147
23 0.840799 1.58828 1.82163
24 0.840722 1.57572 1.89234
25 0.841593 1.56445 1.97112
26 0.841767 1.55314 2.04435
27 0.841864 1.54434 2.1102
28 0.841438 1.53627 2.17836
29 0.841806 1.52682 2.25377
30 0.841709 1.52069 2.3138
31 0.84198 1.51181 2.38262
32 0.842135 1.5042 2.44685
33 0.841864 1.49962 2.51435
34 0.842038 1.49181 2.59032
35 0.841825 1.4875 2.68982
36 0.842154 1.48107 2.77047
37 0.842019 1.4762 2.84029
38 0.842096 1.47092 2.92382
39 0.842019 1.46673 2.99663
40 0.842445 1.46008 3.06195
41 0.84227 1.45721 3.1294
42 0.842212 1.45287 3.19781
43 0.842386 1.44845 3.26843
44 0.84227 1.44485 3.33333
45 0.842483 1.44203 3.39813
46 0.842812 1.43723 3.45858
47 0.84227 1.43436 3.52238
48 0.842851 1.43116 3.59245
49 0.842328 1.42732 3.66246
50 0.841767 1.42524 3.7249
51 0.842348 1.42085 3.7931
52 0.842212 1.4184 3.85701
53 0.842251 1.41758 3.92734
54 0.842541 1.41468 3.99477
55 0.843025 1.4106 4.05909
56 0.842193 1.40907 4.13528
57 0.842328 1.40673 4.20595
58 0.842832 1.40461 4.26977
59 0.842541 1.40256 4.33756
60 0.842735 1.40085 4.40746
61 0.842967 1.39898 4.47825
62 0.842948 1.39818 4.54558
63 0.842928 1.3952 4.61622
64 0.843025 1.39411 4.69661
65 0.8432 1.39231 4.77585
66 0.842716 1.39046 4.8573
67 0.842561 1.38903 4.92827
68 0.843103 1.3875 4.99575
69 0.842677 1.38519 5.05438
70 0.842696 1.38351 5.122
71 0.843354 1.38256 5.18966
72 0.84349 1.38129 5.26854
73 0.842987 1.38032 5.33274
74 0.843412 1.37956 5.40679
75 0.84318 1.37759 5.47548
76 0.8438 1.37527 5.55035
77 0.843122 1.37543 5.62048
78 0.843703 1.37443 5.70722
79 0.843742 1.37418 5.78671
80 0.844342 1.37125 5.86614
81 0.84378 1.37106 5.93447
82 0.843451 1.37044 5.99904
83 0.844167 1.36811 6.07808
84 0.843703 1.3686 6.1523
85 0.844167 1.36623 6.21245
86 0.844826 1.36519 6.27608
87 0.843935 1.36431 6.34859
88 0.843567 1.36339 6.41317
89 0.844187 1.36325 6.4814
90 0.844555 1.36218 6.55205
91 0.844342 1.36133 6.64808
92 0.844051 1.36035 6.72331
93 0.844826 1.35933 6.80198
94 0.844167 1.35939 6.89012
95 0.845058 1.35899 6.96106
96 0.845174 1.35767 7.02463
97 0.845368 1.35789 7.09423
98 0.844922 1.35552 7.16883
99 0.844903 1.35577 7.23912
100 0.846026 1.35423 7.31154
