1 0.884713 2.61954 0.800683
2 0.909244 2.24789 1.60634
3 0.922045 2.04609 2.43392
4 0.92794 1.91056 3.40623
5 0.93204 1.80955 4.40769
6 0.934239 1.73105 5.40042
7 0.936141 1.66611 6.38466
8 0.936782 1.61264 7.35591
9 0.938018 1.56665 8.32411
10 0.938886 1.526 9.34678
11 0.93973 1.49115 10.314
12 0.940134 1.4597 11.3389
13 0.941002 1.43167 12.3561
14 0.941382 1.40596 13.2486
15 0.94181 1.38287 14.1808
16 0.941953 1.36172 15.2865
17 0.942333 1.34253 16.1848
18 0.942297 1.32426 17.1769
19 0.942678 1.30784 18.1426
20 0.942773 1.29218 19.173
21 0.943212 1.27795 20.1931
22 0.943426 1.26412 21.1897
23 0.943593 1.25169 22.116
24 0.943521 1.23984 23.0552
25 0.944044 1.22822 23.9832
26 0.944056 1.21776 24.9289
27 0.943795 1.20761 25.9166
28 0.944163 1.19823 26.9053
29 0.944591 1.18923 27.8851
30 0.944365 1.18068 28.8918
31 0.944627 1.17251 30.0525
32 0.944543 1.16456 30.9051
33 0.944508 1.157 31.9337
34 0.944864 1.14987 32.8256
35 0.944948 1.14308 33.714
36 0.944579 1.13681 34.7343
37 0.945031 1.13046 35.7674
38 0.945031 1.12438 36.8858
39 0.944959 1.11879 37.8178
40 0.944995 1.11313 38.8536
41 0.945304 1.10764 39.8685
42 0.945447 1.10257 40.9067
43 0.945375 1.09758 41.9424
44 0.94534 1.09283 42.817
45 0.945387 1.08844 43.8442
46 0.945459 1.08382 44.8832
47 0.945257 1.07951 45.9086
48 0.945399 1.07567 46.9207
49 0.945506 1.0714 47.9555
50 0.945423 1.06736 49.0069
51 0.945506 1.06388 49.998
52 0.94534 1.0601 51.0891
53 0.945482 1.0567 52.1296
54 0.945411 1.05315 53.1605
55 0.945506 1.04977 54.1713
56 0.945482 1.0466 55.1964
57 0.94553 1.04339 56.0943
58 0.945233 1.04058 57.2984
59 0.945447 1.03743 58.3081
60 0.945601 1.03487 59.3773
61 0.945625 1.03216 60.2612
62 0.945708 1.02911 61.1421
63 0.945316 1.02664 62.1795
64 0.94534 1.02414 63.2686
65 0.945482 1.02178 64.3053
66 0.945316 1.01916 65.3377
67 0.945364 1.01676 66.3646
68 0.945233 1.01467 67.4399
69 0.945423 1.01229 68.4309
70 0.945375 1.01011 69.4438
71 0.945601 1.00781 70.5552
72 0.945375 1.00597 71.4891
73 0.945578 1.0041 72.48
74 0.945245 1.00211 73.4389
75 0.945542 1.00008 74.3455
76 0.945066 0.998284 75.4521
77 0.945233 0.996353 76.4831
78 0.945364 0.99451 77.4891
79 0.945138 0.992719 78.6661
80 0.945055 0.991233 79.6963
81 0.94515 0.989559 80.7296
82 0.945138 0.988221 81.6236
83 0.945102 0.986446 82.7534
84 0.944971 0.985009 83.6392
85 0.94515 0.983566 84.7441
86 0.944924 0.981932 85.7944
87 0.945292 0.980418 86.7922
88 0.945506 0.979113 87.8327
89 0.945233 0.977808 88.8149
90 0.94553 0.976609 89.7148
91 0.945221 0.975329 90.762
92 0.945423 0.973861 91.7587
93 0.945471 0.972538 92.7697
94 0.945221 0.971494 93.7948
95 0.945459 0.970363 94.8261
96 0.945257 0.969086 95.8737
97 0.945387 0.967811 96.8361
98 0.945566 0.966786 97.8487
99 0.945684 0.965713 98.8833
100 0.94528 0.964705 99.9951
