1 0.88009 3.62582 0.20399
2 0.901032 3.19778 0.382563
3 0.911503 2.94838 0.569686
4 0.917671 2.77791 0.758372
5 0.921284 2.65072 0.973881
6 0.924588 2.54937 1.19647
7 0.926335 2.46633 1.40711
8 0.9287 2.39685 1.61913
9 0.929758 2.33614 1.83837
10 0.931125 2.28347 2.07308
11 0.932183 2.23754 2.30172
12 0.933514 2.19467 2.50881
13 0.934203 2.15622 2.72012
14 0.935178 2.12133 2.96419
15 0.935582 2.0893 3.18156
16 0.936283 2.05935 3.41689
17 0.936996 2.03182 3.61856
18 0.937686 2.00621 3.84286
19 0.938363 1.98194 4.05358
20 0.938506 1.95915 4.25846
21 0.938779 1.93729 4.4976
22 0.939326 1.91703 4.70048
23 0.939611 1.898 4.89296
24 0.940146 1.87965 5.12723
25 0.940503 1.86235 5.35235
26 0.94093 1.84566 5.58614
27 0.941204 1.82937 5.78558
28 0.941584 1.81419 6.00446
29 0.941762 1.79979 6.23946
30 0.94181 1.78551 6.46937
31 0.942143 1.77199 6.7195
32 0.942499 1.75892 6.94711
33 0.942511 1.74655 7.18718
34 0.942511 1.73422 7.43972
35 0.942535 1.72259 7.68691
36 0.942891 1.71111 7.92234
37 0.943153 1.70041 8.18557
38 0.943462 1.68982 8.42108
39 0.943605 1.67943 8.66721
40 0.943688 1.66926 8.93296
41 0.943854 1.65999 9.16195
42 0.944234 1.65036 9.37169
43 0.944009 1.64145 9.62285
44 0.944199 1.63234 9.84864
45 0.94446 1.6238 10.0977
46 0.944377 1.6155 10.3392
47 0.94452 1.60722 10.5452
48 0.944757 1.59914 10.7554
49 0.944864 1.59129 10.9985
50 0.945162 1.58388 11.2331
51 0.944983 1.57638 11.466
52 0.945233 1.56934 11.6731
53 0.945435 1.56206 11.9006
54 0.945471 1.55523 12.1303
55 0.945459 1.54838 12.357
56 0.945328 1.54189 12.5829
57 0.945482 1.53543 12.8408
58 0.945506 1.52917 13.0834
59 0.945589 1.52301 13.3168
60 0.945827 1.51699 13.5507
61 0.946041 1.51091 13.7915
62 0.945934 1.50516 14.0114
63 0.946231 1.49949 14.2323
64 0.946219 1.49404 14.4215
65 0.946255 1.48851 14.6435
66 0.946409 1.48311 14.8763
67 0.946635 1.47786 15.1143
68 0.946433 1.47257 15.3444
69 0.946683 1.46768 15.582
70 0.946445 1.46254 15.8148
71 0.946837 1.4577 16.0271
72 0.94673 1.45291 16.2803
73 0.946754 1.44821 16.5131
74 0.946647 1.44332 16.7381
75 0.946742 1.43889 16.9688
76 0.946754 1.43469 17.1623
77 0.946778 1.43013 17.3754
78 0.946909 1.42589 17.5933
79 0.947028 1.42153 17.8209
80 0.946921 1.41724 18.0476
81 0.947134 1.41311 18.2771
82 0.947218 1.40907 18.4818
83 0.947241 1.40509 18.7153
84 0.947432 1.40123 18.9247
85 0.947182 1.39708 19.1765
86 0.947539 1.39344 19.4013
87 0.947348 1.38961 19.6201
88 0.947562 1.38594 19.8183
89 0.947622 1.38222 20.0324
90 0.94742 1.37896 20.2344
91 0.947753 1.37529 20.4706
92 0.947978 1.37168 20.6683
93 0.94799 1.36817 20.8927
94 0.947776 1.36466 21.1144
95 0.947776 1.36148 21.3644
96 0.947646 1.35824 21.5912
97 0.948073 1.35487 21.7929
98 0.948014 1.35175 22.0251
99 0.947788 1.34864 22.267
100 0.94799 1.34545 22.4799
