1 0.888493 3.11625 0.131312
2 0.912477 2.68275 0.267412
3 0.921878 2.45167 0.43172
4 0.926775 2.29803 0.551789
5 0.929913 2.1845 0.679011
6 0.932159 2.09576 0.812499
7 0.933882 2.02199 0.945612
8 0.935558 1.96049 1.08458
9 0.9362 1.90682 1.21182
10 0.937507 1.85971 1.33773
11 0.938066 1.81808 1.46208
12 0.938743 1.78041 1.5946
13 0.93891 1.74691 1.71202
14 0.939789 1.71568 1.85561
15 0.940716 1.68696 1.98283
16 0.941121 1.66062 2.14129
17 0.940978 1.63563 2.25334
18 0.941762 1.61354 2.36216
19 0.942333 1.5923 2.47148
20 0.942606 1.57233 2.61304
21 0.942915 1.55377 2.72415
22 0.942975 1.53622 2.84112
23 0.94389 1.51952 2.9647
24 0.943652 1.50374 3.08225
25 0.943723 1.48859 3.213
26 0.944306 1.47449 3.3486
27 0.944104 1.46093 3.48251
28 0.944532 1.44799 3.60342
29 0.944532 1.43545 3.73367
30 0.944603 1.42374 3.85104
31 0.944948 1.41242 3.98161
32 0.945268 1.4015 4.09817
33 0.945019 1.39103 4.21796
34 0.945566 1.38109 4.37724
35 0.945839 1.37138 4.50522
36 0.94578 1.36217 4.63009
37 0.946112 1.35306 4.76912
38 0.946029 1.3446 4.89812
39 0.946196 1.33621 5.04819
40 0.946398 1.32828 5.17145
41 0.946635 1.32055 5.2951
42 0.946671 1.31298 5.43941
43 0.946516 1.30581 5.56748
44 0.946552 1.29856 5.70949
45 0.946778 1.29198 5.84912
46 0.946814 1.28529 6.00014
47 0.946695 1.27888 6.16424
48 0.947087 1.27233 6.31776
49 0.947301 1.26629 6.45121
50 0.947218 1.26055 6.60917
51 0.947051 1.25457 6.74814
52 0.947253 1.24917 6.89114
53 0.947182 1.24353 7.02362
54 0.947063 1.23837 7.18088
55 0.947265 1.23316 7.33946
56 0.947313 1.22835 7.48218
57 0.947479 1.22316 7.61287
58 0.947348 1.21845 7.74121
59 0.94742 1.21416 7.87267
60 0.947681 1.20947 8.00896
61 0.947634 1.20484 8.14845
62 0.947859 1.2007 8.28255
63 0.947764 1.19638 8.4203
64 0.947764 1.19246 8.57944
65 0.94799 1.18826 8.75452
66 0.948014 1.1843 8.89668
67 0.94799 1.18071 9.05731
68 0.947764 1.17689 9.1948
69 0.947895 1.17303 9.35552
70 0.948418 1.1694 9.50008
71 0.948264 1.16607 9.63807
72 0.948347 1.16259 9.75464
73 0.948311 1.15928 9.88755
74 0.948596 1.15572 10.011
75 0.948489 1.15258 10.1728
76 0.948287 1.14935 10.3015
77 0.948394 1.14637 10.4331
78 0.948525 1.14337 10.5953
79 0.94862 1.14011 10.7295
80 0.948751 1.13735 10.852
81 0.948644 1.13439 10.984
82 0.948537 1.13146 11.1107
83 0.948893 1.1289 11.2306
84 0.94843 1.12636 11.3922
85 0.948798 1.12354 11.5526
86 0.948656 1.12099 11.6847
87 0.948763 1.11827 11.8185
88 0.948763 1.11565 11.9293
89 0.948763 1.11316 12.082
90 0.948644 1.11083 12.2252
91 0.948882 1.10851 12.3585
92 0.948644 1.10625 12.4664
93 0.948775 1.10396 12.631
94 0.94868 1.10153 12.7753
95 0.948727 1.09926 12.9127
96 0.948763 1.09688 13.0395
97 0.949 1.095 13.1808
98 0.948846 1.09287 13.3113
99 0.948905 1.09082 13.4474
100 0.948858 1.08859 13.5948
