1 0.882015 3.60517 0.141406
2 0.904003 3.14211 0.27303
3 0.913927 2.8886 0.401729
4 0.919596 2.71761 0.560262
5 0.923352 2.59068 0.709267
6 0.926264 2.49018 0.839775
7 0.928178 2.40805 0.993413
8 0.929937 2.33894 1.13398
9 0.931208 2.27914 1.27489
10 0.933134 2.22655 1.40234
11 0.934132 2.18047 1.5418
12 0.935059 2.13926 1.70978
13 0.935974 2.10154 1.85413
14 0.936735 2.06697 2.00349
15 0.937377 2.03579 2.17442
16 0.937912 2.00649 2.31542
17 0.938518 1.97913 2.44627
18 0.938922 1.95365 2.57841
19 0.939861 1.93001 2.7646
20 0.939932 1.90781 2.92226
21 0.940491 1.88712 3.05955
22 0.940657 1.86686 3.1886
23 0.940978 1.84798 3.30425
24 0.941418 1.82989 3.41512
25 0.942048 1.81263 3.55894
26 0.942071 1.79667 3.69842
27 0.942392 1.78109 3.8423
28 0.942594 1.76622 3.96258
29 0.943093 1.75179 4.08146
30 0.942927 1.73823 4.22672
31 0.943391 1.72494 4.36008
32 0.943414 1.71263 4.48257
33 0.943818 1.70018 4.61427
34 0.943759 1.68854 4.71761
35 0.944092 1.67719 4.85927
36 0.94433 1.66602 4.99203
37 0.944662 1.65571 5.11276
38 0.944757 1.64532 5.23555
39 0.944959 1.6353 5.37135
40 0.944769 1.62548 5.48693
41 0.944995 1.61595 5.60409
42 0.945494 1.60701 5.71559
43 0.945423 1.59818 5.81762
44 0.945292 1.58974 5.92602
45 0.945482 1.58138 6.0302
46 0.945673 1.57324 6.12138
47 0.945934 1.56529 6.22
48 0.945863 1.55738 6.32357
49 0.945922 1.54992 6.41252
50 0.946005 1.54274 6.49946
51 0.945851 1.53528 6.58913
52 0.94616 1.52827 6.69471
53 0.94635 1.52133 6.7973
54 0.946386 1.51464 6.89474
55 0.94654 1.50835 7.02551
56 0.946802 1.50209 7.14792
57 0.946742 1.49606 7.26806
58 0.946849 1.4897 7.37846
59 0.946647 1.48379 7.49558
60 0.946837 1.47799 7.62169
61 0.947004 1.47227 7.75549
62 0.946968 1.46643 7.89636
63 0.947087 1.46131 8.01938
64 0.947253 1.45597 8.17981
65 0.947348 1.45063 8.31178
66 0.947337 1.44524 8.42817
67 0.947337 1.44031 8.54348
68 0.947646 1.43525 8.66299
69 0.947562 1.43043 8.79322
70 0.947955 1.42549 8.93852
71 0.947741 1.42106 9.0655
72 0.947705 1.41662 9.18201
73 0.94799 1.41205 9.31646
74 0.947907 1.40743 9.46433
75 0.947848 1.40298 9.5898
76 0.947824 1.39856 9.72113
77 0.947836 1.39451 9.8313
78 0.94805 1.39033 9.95601
79 0.948109 1.38629 10.0721
80 0.948097 1.38231 10.2036
81 0.948573 1.37835 10.3328
82 0.948228 1.3743 10.4765
83 0.948549 1.37072 10.5963
84 0.948382 1.36692 10.7235
85 0.94843 1.36303 10.842
86 0.948632 1.35951 10.9696
87 0.948382 1.35583 11.0916
88 0.948501 1.35224 11.2283
89 0.94881 1.34892 11.3407
90 0.948703 1.3455 11.4703
91 0.948787 1.34209 11.5856
92 0.948691 1.33876 11.6914
93 0.948822 1.33552 11.811
94 0.948703 1.33226 11.9367
95 0.948858 1.32945 12.0554
96 0.948787 1.32612 12.1813
97 0.948989 1.32295 12.3218
98 0.949 1.31982 12.4578
99 0.949131 1.3167 12.5788
100 0.948929 1.31392 12.7051
