1 0.888528 2.70632 0.135854
2 0.906273 2.27877 0.259624
3 0.919822 2.06694 0.382473
4 0.927155 1.92669 0.503908
5 0.930982 1.82353 0.624761
6 0.933597 1.7437 0.741993
7 0.935903 1.67842 0.872713
8 0.936984 1.62361 0.994239
9 0.937603 1.5763 1.12093
10 0.938637 1.5356 1.25493
11 0.939183 1.49931 1.37982
12 0.939968 1.46734 1.50381
13 0.939659 1.4386 1.63032
14 0.940431 1.41226 1.74768
15 0.94099 1.38886 1.871
16 0.941572 1.36675 1.9807
17 0.94156 1.34701 2.0909
18 0.942059 1.32826 2.20251
19 0.942357 1.31112 2.31652
20 0.941929 1.29544 2.42572
21 0.942285 1.28042 2.53998
22 0.942392 1.26647 2.64514
23 0.943093 1.25356 2.76668
24 0.94301 1.24054 2.88915
25 0.943165 1.2288 3.01071
26 0.943557 1.21739 3.12462
27 0.943973 1.20732 3.22985
28 0.943985 1.1969 3.34044
29 0.943925 1.18747 3.44938
30 0.944318 1.17892 3.5642
31 0.944353 1.17042 3.67095
32 0.944151 1.16201 3.77694
33 0.944246 1.15469 3.88604
34 0.944282 1.14686 3.99174
35 0.944793 1.13966 4.09579
36 0.944413 1.13298 4.19915
37 0.944377 1.12646 4.30253
38 0.944258 1.12034 4.40707
39 0.944722 1.11426 4.5114
40 0.944853 1.10844 4.6166
41 0.945197 1.10286 4.7272
42 0.944662 1.09769 4.82961
43 0.945245 1.0924 4.93729
44 0.945482 1.08734 5.04303
45 0.945173 1.08293 5.14469
46 0.94528 1.07825 5.24799
47 0.945328 1.07398 5.35081
48 0.945554 1.06966 5.45287
49 0.945471 1.06586 5.55985
50 0.945791 1.06123 5.66379
51 0.945221 1.05733 5.7692
52 0.945625 1.05368 5.87409
53 0.945673 1.04973 5.97708
54 0.945732 1.04627 6.07864
55 0.945459 1.04296 6.18199
56 0.945756 1.04009 6.28569
57 0.945815 1.03685 6.38912
58 0.945625 1.03349 6.49266
59 0.945292 1.0306 6.59642
60 0.945185 1.02777 6.70057
61 0.945542 1.02468 6.80537
62 0.945756 1.02173 6.90974
63 0.946089 1.01946 7.01227
64 0.946172 1.01707 7.11787
65 0.945863 1.01468 7.22206
66 0.945625 1.01213 7.32845
67 0.946338 1.00955 7.43365
68 0.946362 1.00734 7.54125
69 0.946005 1.00496 7.64465
70 0.946326 1.00289 7.75274
71 0.946065 1.00068 7.85694
72 0.945637 0.998672 7.96364
73 0.946017 0.996824 8.07607
74 0.946017 0.994675 8.19142
75 0.946469 0.992529 8.30919
76 0.945982 0.990924 8.4234
77 0.946267 0.988885 8.53888
78 0.945839 0.987061 8.65891
79 0.946326 0.985437 8.77465
80 0.946065 0.983761 8.90725
81 0.946124 0.982079 9.04304
82 0.94597 0.980302 9.17181
83 0.946552 0.978661 9.28429
84 0.946505 0.977111 9.39451
85 0.946647 0.97582 9.51055
86 0.946243 0.97425 9.62564
87 0.946279 0.972708 9.73866
88 0.946338 0.971481 9.85445
89 0.946196 0.970075 9.96632
90 0.946291 0.968969 10.0723
91 0.946469 0.967343 10.1763
92 0.946493 0.966132 10.2807
93 0.946516 0.964614 10.3863
94 0.946528 0.963655 10.489
95 0.946516 0.962377 10.595
96 0.946564 0.961189 10.6969
97 0.946433 0.960345 10.8
98 0.946207 0.959271 10.9059
99 0.94635 0.957745 11.0113
100 0.946505 0.956557 11.1167
