1 0.898643 2.74919 0.231393
2 0.90159 2.38104 0.427757
3 0.902684 2.19823 0.658598
4 0.903658 2.08759 0.861372
5 0.904443 2.00541 1.06178
6 0.905298 1.94179 1.26901
7 0.906273 1.89415 1.476
8 0.906594 1.85575 1.64714
9 0.906903 1.82219 1.85236
10 0.907973 1.79271 2.04082
11 0.909054 1.76775 2.23306
12 0.909934 1.74625 2.42025
13 0.911039 1.72767 2.60568
14 0.912346 1.70918 2.80009
15 0.913987 1.69125 2.98675
16 0.915686 1.67714 3.15829
17 0.917041 1.66313 3.36721
18 0.918717 1.65011 3.59078
19 0.921284 1.63641 3.78532
20 0.922532 1.62537 3.9633
21 0.923804 1.61659 4.15971
22 0.925373 1.6065 4.34754
23 0.926098 1.59602 4.53848
24 0.927559 1.58929 4.73849
25 0.928439 1.58055 4.90628
26 0.928926 1.57486 5.09205
27 0.930186 1.56717 5.30869
28 0.931042 1.56055 5.53519
29 0.930673 1.55782 5.74824
30 0.931446 1.55162 5.95547
31 0.932492 1.54699 6.14708
32 0.932385 1.54285 6.34219
33 0.933336 1.53791 6.53093
34 0.933954 1.53588 6.75586
35 0.934203 1.53224 6.95488
36 0.93437 1.52921 7.14056
37 0.934952 1.52484 7.32485
38 0.934786 1.52346 7.53104
39 0.934845 1.52075 7.74667
40 0.934441 1.51899 7.92832
41 0.935451 1.51775 8.09938
42 0.935511 1.51437 8.28426
43 0.935867 1.51044 8.46471
44 0.935737 1.51007 8.64499
45 0.935903 1.50826 8.8347
46 0.93601 1.50768 9.05567
47 0.936046 1.50713 9.25198
48 0.936117 1.50493 9.43968
49 0.935962 1.50489 9.64024
50 0.936295 1.50211 9.82695
51 0.936105 1.5002 9.99578
52 0.935867 1.50126 10.2296
53 0.936129 1.50038 10.4505
54 0.93664 1.49832 10.6525
55 0.935962 1.49883 10.8534
56 0.936485 1.49545 11.0733
57 0.936283 1.49772 11.2835
58 0.936224 1.49616 11.4888
59 0.935962 1.49714 11.6877
60 0.936331 1.49632 11.8999
61 0.936081 1.49413 12.1118
62 0.936164 1.4958 12.3103
63 0.936283 1.49333 12.5039
64 0.935974 1.49494 12.7049
65 0.936236 1.49386 12.8777
66 0.936331 1.49358 13.1012
67 0.935998 1.49351 13.2954
68 0.936105 1.49393 13.4958
69 0.935748 1.49378 13.6929
70 0.935796 1.49314 13.9055
71 0.935962 1.49298 14.1164
72 0.936093 1.49278 14.3318
73 0.935974 1.49114 14.5383
74 0.936057 1.4919 14.7184
75 0.935713 1.4918 14.8973
76 0.935511 1.49166 15.1167
77 0.935665 1.4921 15.3203
78 0.935641 1.49074 15.5151
79 0.935392 1.49377 15.7057
80 0.935202 1.49256 15.9061
81 0.93557 1.49053 16.0804
82 0.935772 1.49123 16.3084
83 0.935202 1.49202 16.486
84 0.935606 1.49145 16.6837
85 0.93519 1.49194 16.8651
86 0.935582 1.49136 17.0803
87 0.935249 1.49119 17.2889
88 0.935309 1.49137 17.4948
89 0.934928 1.4929 17.6928
90 0.935012 1.49275 17.9031
91 0.934928 1.49252 18.0928
92 0.93519 1.49295 18.2641
93 0.934714 1.49285 18.455
94 0.935309 1.49168 18.6513
95 0.935475 1.49275 18.8368
96 0.935035 1.49182 19.0235
97 0.934952 1.49163 19.2335
98 0.934869 1.49215 19.4057
99 0.9345 1.49253 19.5966
100 0.934928 1.49206 19.8128
