1 0.899843 2.74958 0.747891
2 0.902173 2.38494 1.52878
3 0.903421 2.20296 2.2837
4 0.904015 2.08963 3.05881
5 0.905512 2.00687 3.84548
6 0.905893 1.94368 4.64526
7 0.906321 1.89986 5.40014
8 0.906535 1.85987 6.08773
9 0.90764 1.82605 6.82276
10 0.908377 1.79621 7.57244
11 0.909221 1.77215 8.34536
12 0.909922 1.74969 9.09588
13 0.911277 1.73318 9.87412
14 0.912846 1.71342 10.5833
15 0.914343 1.69609 11.3088
16 0.91615 1.68259 12.0078
17 0.918432 1.66682 12.7803
18 0.919525 1.65412 13.5674
19 0.92151 1.64232 14.3258
20 0.923067 1.62983 15.0194
21 0.924291 1.61909 15.7779
22 0.925967 1.60901 16.5326
23 0.927001 1.6015 17.2048
24 0.928772 1.58992 17.9507
25 0.929093 1.58504 18.715
26 0.929853 1.57858 19.4829
27 0.930887 1.57228 20.2375
28 0.931363 1.56569 21.024
29 0.931993 1.56097 21.8173
30 0.932456 1.55634 22.6045
31 0.93273 1.55115 23.3348
32 0.933015 1.54681 24.1664
33 0.933609 1.54559 24.9526
34 0.93368 1.54007 25.6068
35 0.934084 1.53629 26.3809
36 0.934251 1.53326 27.1223
37 0.934916 1.52791 27.8493
38 0.93494 1.52739 28.6281
39 0.934988 1.5247 29.3739
40 0.93538 1.52103 30.0975
41 0.934833 1.52096 30.8233
42 0.935665 1.51692 31.5802
43 0.935297 1.51603 32.2599
44 0.935713 1.51338 33.0354
45 0.935701 1.51252 33.7797
46 0.935903 1.51006 34.5444
47 0.935701 1.50964 35.3218
48 0.93563 1.50862 36.0717
49 0.93601 1.50656 36.818
50 0.935974 1.5059 37.4491
51 0.936319 1.50406 38.1692
52 0.936343 1.50343 38.8768
53 0.936355 1.5029 39.6556
54 0.936711 1.5005 40.4149
55 0.936866 1.50056 41.1557
56 0.936949 1.49971 41.9289
57 0.936592 1.49974 42.698
58 0.936699 1.49862 43.4259
59 0.936878 1.4967 44.2319
60 0.936426 1.49849 45.0051
61 0.936545 1.49649 45.7707
62 0.936129 1.49831 46.5676
63 0.936414 1.49595 47.3123
64 0.936473 1.49585 48.0886
65 0.936664 1.49532 48.8599
66 0.936533 1.49392 49.6368
67 0.936533 1.49473 50.4201
68 0.93645 1.49477 51.085
69 0.936568 1.49445 51.8461
70 0.936557 1.49375 52.5963
71 0.935808 1.49446 53.3572
72 0.936212 1.49319 54.1278
73 0.936438 1.49316 54.8698
74 0.93639 1.49368 55.6496
75 0.936366 1.49341 56.3851
76 0.936462 1.49306 57.1807
77 0.936188 1.49346 57.9297
78 0.936616 1.49356 58.7032
79 0.936652 1.49232 59.4856
80 0.936236 1.49317 60.2463
81 0.936141 1.49278 61.0108
82 0.936319 1.49218 61.7591
83 0.936521 1.492 62.4695
84 0.936592 1.49267 63.1704
85 0.936105 1.49218 63.9293
86 0.936271 1.49171 64.7091
87 0.936248 1.49295 65.4999
88 0.936259 1.4921 66.2399
89 0.935784 1.49231 66.965
90 0.936307 1.49232 67.718
91 0.936153 1.49078 68.467
92 0.936117 1.4911 69.2081
93 0.935915 1.49061 69.9816
94 0.936141 1.49091 70.7609
95 0.936153 1.49173 71.5162
96 0.936248 1.49054 72.2788
97 0.935974 1.49037 73.0471
98 0.935808 1.49155 73.8291
99 0.935784 1.49135 74.5903
100 0.936093 1.49073 75.331
