1 0.897656 2.73568 0.194503
2 0.899986 2.36554 0.353286
3 0.900509 2.18409 0.511812
4 0.901852 2.07092 0.686165
5 0.902755 1.98905 0.81615
6 0.903979 1.92956 0.949879
7 0.9043 1.88357 1.08609
8 0.905001 1.84152 1.23541
9 0.906487 1.81072 1.38308
10 0.907081 1.78276 1.53066
11 0.908175 1.75922 1.66958
12 0.909304 1.73609 1.80285
13 0.91048 1.71945 1.96428
14 0.9113 1.6993 2.10723
15 0.912608 1.68288 2.27238
16 0.914355 1.66791 2.45501
17 0.915318 1.65563 2.59578
18 0.917623 1.643 2.74005
19 0.918824 1.6306 2.88279
20 0.92063 1.6193 3.01228
21 0.922663 1.60584 3.1521
22 0.923768 1.59752 3.27969
23 0.924137 1.59009 3.41739
24 0.925575 1.58018 3.55621
25 0.926454 1.5734 3.69885
26 0.927132 1.56576 3.83879
27 0.92832 1.56114 3.9767
28 0.929176 1.55546 4.1408
29 0.929734 1.54959 4.28867
30 0.930459 1.54646 4.42012
31 0.930269 1.54137 4.56394
32 0.931018 1.536 4.69477
33 0.931624 1.53318 4.84135
34 0.932147 1.52983 4.99971
35 0.93223 1.52518 5.13225
36 0.932563 1.52306 5.26558
37 0.932801 1.51961 5.40833
38 0.932718 1.51821 5.54821
39 0.932967 1.51532 5.70018
40 0.933371 1.5122 5.85789
41 0.933538 1.51128 5.99524
42 0.933609 1.50822 6.14658
43 0.933847 1.50693 6.28881
44 0.933645 1.50383 6.43907
45 0.933502 1.50347 6.57876
46 0.933823 1.50182 6.72268
47 0.933859 1.5015 6.86748
48 0.934619 1.49969 7.0037
49 0.9345 1.49709 7.17869
50 0.934548 1.49752 7.33707
51 0.934441 1.49584 7.4841
52 0.93456 1.49464 7.62823
53 0.934703 1.49321 7.77102
54 0.934619 1.49327 7.90454
55 0.934821 1.49294 8.02856
56 0.934798 1.49297 8.1604
57 0.935012 1.49087 8.28669
58 0.934893 1.49006 8.41103
59 0.934952 1.48997 8.54056
60 0.934714 1.49053 8.68286
61 0.934607 1.48959 8.83151
62 0.934714 1.48726 8.96701
63 0.934607 1.48938 9.11078
64 0.934512 1.48875 9.2523
65 0.934417 1.48833 9.3985
66 0.934524 1.48809 9.53911
67 0.934667 1.48804 9.6591
68 0.934417 1.48828 9.80255
69 0.934477 1.48642 9.93922
70 0.934263 1.48667 10.1013
71 0.934156 1.48607 10.2462
72 0.934429 1.48642 10.4046
73 0.934298 1.48752 10.5489
74 0.934037 1.48721 10.7397
75 0.934536 1.48683 10.8677
76 0.934691 1.48691 11.0056
77 0.934168 1.48678 11.1419
78 0.93418 1.48671 11.2715
79 0.934203 1.48529 11.4192
80 0.934382 1.48605 11.5713
81 0.93431 1.48558 11.7249
82 0.934429 1.48653 11.8874
83 0.933942 1.48596 12.027
84 0.934013 1.48686 12.1917
85 0.934013 1.48649 12.3376
86 0.933871 1.48468 12.4809
87 0.933871 1.48581 12.6307
88 0.933894 1.48662 12.7739
89 0.934191 1.4851 12.9178
90 0.934084 1.48651 13.0664
91 0.933799 1.4859 13.2118
92 0.933894 1.48614 13.3541
93 0.933823 1.48624 13.5085
94 0.933942 1.48512 13.6515
95 0.933704 1.48517 13.8105
96 0.933811 1.48539 13.9709
97 0.933823 1.48687 14.1295
98 0.933882 1.48562 14.2774
99 0.933645 1.48589 14.4288
100 0.933645 1.48612 14.5867
