1 0.845076 2.59431 1.02575
2 0.873054 2.20654 2.11147
3 0.895992 2.00246 3.14435
4 0.90701 1.86914 4.19094
5 0.913666 1.77653 5.22235
6 0.91798 1.70872 6.26889
7 0.921189 1.65484 7.34302
8 0.922615 1.61322 8.43139
9 0.925052 1.57853 9.55115
10 0.926014 1.55059 10.6035
11 0.926656 1.52645 11.7523
12 0.927405 1.50658 12.8147
13 0.928998 1.48799 13.8622
14 0.929996 1.47226 14.9025
15 0.930186 1.45833 15.9541
16 0.930662 1.44524 17.0008
17 0.931398 1.43378 18.0742
18 0.932005 1.42299 19.1355
19 0.932314 1.41347 20.1788
20 0.933027 1.40436 21.2434
21 0.933193 1.39647 22.3018
22 0.934322 1.38847 23.3555
23 0.934227 1.38123 24.4014
24 0.934976 1.37404 25.4405
25 0.935107 1.36795 26.4827
26 0.935392 1.36155 27.5729
27 0.935297 1.35513 28.6426
28 0.935653 1.34999 29.725
29 0.936153 1.34377 30.7627
30 0.936438 1.33831 31.8045
31 0.936842 1.33329 32.8402
32 0.936652 1.3279 33.869
33 0.936996 1.32329 34.9493
34 0.937341 1.31831 36.0534
35 0.937282 1.3136 37.1153
36 0.937793 1.30896 38.2286
37 0.938102 1.30444 39.3452
38 0.938351 1.30051 40.4384
39 0.938387 1.29637 41.5867
40 0.938506 1.29208 42.8185
41 0.938648 1.28819 44.045
42 0.9391 1.28395 45.2794
43 0.938862 1.28033 46.4517
44 0.938946 1.27626 47.5271
45 0.93929 1.27246 48.5697
46 0.939278 1.26883 49.622
47 0.939635 1.26592 50.6822
48 0.939635 1.26231 51.73
49 0.939599 1.25895 52.7929
50 0.939944 1.25547 53.8484
51 0.939789 1.25246 54.8999
52 0.940491 1.24929 55.9631
53 0.940455 1.24594 57.0173
54 0.940324 1.24264 58.101
55 0.94055 1.23965 59.1683
56 0.940764 1.2368 60.2226
57 0.940907 1.23394 61.2769
58 0.940859 1.23086 62.3151
59 0.940907 1.22823 63.3696
60 0.941025 1.22535 64.41
61 0.941132 1.22281 65.4567
62 0.941239 1.2198 66.5231
63 0.941655 1.21746 67.5976
64 0.941715 1.21481 68.644
65 0.941798 1.21196 69.7101
66 0.941572 1.20949 70.7667
67 0.941786 1.20667 71.8383
68 0.941632 1.20434 72.8943
69 0.941608 1.202 73.9303
70 0.941786 1.19985 74.9894
71 0.942 1.19721 76.0932
72 0.941869 1.19494 77.1741
73 0.941988 1.19292 78.2368
74 0.942226 1.19062 79.2938
75 0.941929 1.18815 80.3458
76 0.942155 1.18598 81.3931
77 0.942475 1.18375 82.4489
78 0.942333 1.18183 83.514
79 0.942452 1.17954 84.5729
80 0.942273 1.17745 85.6311
81 0.942285 1.17573 86.6728
82 0.942368 1.17357 87.7297
83 0.942547 1.17175 88.7649
84 0.942345 1.16965 89.9883
85 0.942594 1.16803 91.251
86 0.942559 1.166 92.3826
87 0.942582 1.16416 93.4762
88 0.942832 1.16203 94.5748
89 0.942773 1.16015 95.675
90 0.942737 1.15842 96.7795
91 0.942796 1.15675 97.8545
92 0.942226 1.15509 98.9306
93 0.94263 1.15325 100.009
94 0.942939 1.15145 101.097
95 0.942654 1.14972 102.164
96 0.942832 1.14816 103.252
97 0.942678 1.14669 104.342
98 0.942951 1.14495 105.426
99 0.943165 1.14344 106.511
100 0.943058 1.14157 107.604
