1 0.84731 2.59977 0.422338
2 0.873636 2.20371 0.857822
3 0.895576 1.9959 1.29028
4 0.906154 1.86004 1.71832
5 0.913654 1.76683 2.14788
6 0.917968 1.69804 2.60185
7 0.920583 1.64418 3.034
8 0.922211 1.60313 3.46855
9 0.923792 1.56763 3.9019
10 0.925337 1.53835 4.33235
11 0.926977 1.51337 4.76534
12 0.92794 1.49213 5.19523
13 0.928403 1.47432 5.62524
14 0.92914 1.45859 6.05413
15 0.929734 1.44395 6.48652
16 0.931196 1.43089 6.9292
17 0.931244 1.41936 7.36172
18 0.931612 1.40883 7.79338
19 0.932207 1.39915 8.22131
20 0.93273 1.38999 8.65613
21 0.933478 1.38151 9.08918
22 0.934156 1.37367 9.53102
23 0.93437 1.3663 9.95835
24 0.934798 1.35903 10.3976
25 0.935118 1.35238 10.8362
26 0.935451 1.34603 11.2754
27 0.935511 1.33963 11.7023
28 0.935879 1.33398 12.133
29 0.936402 1.32803 12.5728
30 0.936473 1.32302 13.004
31 0.936664 1.31772 13.4431
32 0.936747 1.31275 13.8777
33 0.93702 1.30786 14.308
34 0.937496 1.30285 14.748
35 0.937638 1.29753 15.1796
36 0.937721 1.29343 15.6123
37 0.937995 1.28854 16.0461
38 0.938173 1.28409 16.4785
39 0.938423 1.27958 16.9116
40 0.938577 1.27571 17.3478
41 0.938565 1.27142 17.779
42 0.938732 1.26757 18.2042
43 0.938862 1.26309 18.646
44 0.939243 1.25936 19.0742
45 0.939005 1.25555 19.5067
46 0.939552 1.25226 19.9376
47 0.939873 1.24835 20.3662
48 0.93954 1.24474 20.8002
49 0.939991 1.24084 21.2287
50 0.94011 1.23756 21.6602
51 0.939968 1.23433 22.0892
52 0.940098 1.23074 22.5253
53 0.940419 1.22793 22.9526
54 0.940681 1.2247 23.3873
55 0.941014 1.22131 23.8172
56 0.940859 1.21833 24.2454
57 0.941014 1.21556 24.6782
58 0.941037 1.2125 25.1072
59 0.941037 1.20938 25.5426
60 0.941216 1.20635 25.9749
61 0.94137 1.20364 26.41
62 0.941394 1.20091 26.8483
63 0.941287 1.19789 27.2848
64 0.94143 1.19548 27.7123
65 0.94175 1.19255 28.1452
66 0.941655 1.19001 28.5926
67 0.94156 1.18774 29.0281
68 0.941525 1.18473 29.4621
69 0.941667 1.18229 29.8921
70 0.941798 1.17955 30.3206
71 0.941976 1.1771 30.7608
72 0.941857 1.17453 31.1901
73 0.941976 1.17214 31.625
74 0.941786 1.17019 32.0542
75 0.942368 1.1675 32.4857
76 0.942059 1.16526 32.9184
77 0.942143 1.16304 33.3504
78 0.942226 1.16127 33.7818
79 0.942143 1.15875 34.2105
80 0.942452 1.1568 34.6745
81 0.942131 1.15476 35.1523
82 0.942392 1.15275 35.601
83 0.942464 1.15076 36.0263
84 0.942309 1.14868 36.4997
85 0.942416 1.14669 37.0563
86 0.942654 1.14466 37.5323
87 0.942606 1.14265 37.9648
88 0.942547 1.14077 38.433
89 0.942618 1.13883 38.9707
90 0.942678 1.13684 39.404
91 0.942689 1.13503 39.8265
92 0.942689 1.13325 40.2511
93 0.943046 1.13149 40.6741
94 0.942784 1.12971 41.1007
95 0.94282 1.12786 41.5353
96 0.942868 1.12631 41.9614
97 0.943058 1.12458 42.3879
98 0.943046 1.12267 42.82
99 0.94307 1.12114 43.2529
100 0.943046 1.11917 43.6781
