1 0.84693 2.59164 0.429387
2 0.873446 2.19845 0.861649
3 0.895802 1.99286 1.29355
4 0.906855 1.85809 1.71972
5 0.913796 1.76284 2.14811
6 0.918455 1.69366 2.5805
7 0.921332 1.63929 3.01362
8 0.923507 1.5976 3.44626
9 0.925729 1.56373 3.8807
10 0.926894 1.53518 4.30607
11 0.928463 1.51098 4.74397
12 0.929437 1.49036 5.17449
13 0.930317 1.47173 5.60793
14 0.930638 1.45577 6.03695
15 0.931957 1.44171 6.46981
16 0.932432 1.42899 6.90432
17 0.933407 1.41718 7.33465
18 0.93374 1.40718 7.76454
19 0.934073 1.39713 8.19585
20 0.934691 1.38828 8.68069
21 0.935237 1.37959 9.18991
22 0.936224 1.3717 9.72716
23 0.936224 1.36433 10.1889
24 0.936319 1.35742 10.6427
25 0.937293 1.35018 11.0804
26 0.937163 1.34347 11.5167
27 0.937234 1.33755 11.96
28 0.937638 1.33135 12.3954
29 0.937852 1.32592 12.8273
30 0.937852 1.32027 13.2588
31 0.93828 1.31532 13.699
32 0.938637 1.3094 14.1307
33 0.938755 1.30462 14.5704
34 0.939076 1.29972 15.0124
35 0.939397 1.29482 15.4689
36 0.93935 1.29024 15.9055
37 0.939659 1.28612 16.3984
38 0.93998 1.28132 16.9542
39 0.939932 1.27746 17.4206
40 0.940158 1.27288 17.8713
41 0.940324 1.26879 18.3028
42 0.940443 1.26493 18.7492
43 0.940253 1.26083 19.1949
44 0.940705 1.25688 19.6577
45 0.941097 1.25299 20.0895
46 0.941002 1.24933 20.5403
47 0.940835 1.24566 20.9958
48 0.94099 1.24218 21.4445
49 0.941037 1.23919 21.8704
50 0.941311 1.23548 22.3688
51 0.941525 1.23207 22.925
52 0.941667 1.22886 23.529
53 0.942059 1.22535 24.0314
54 0.941786 1.22228 24.4644
55 0.942012 1.21906 24.9267
56 0.941869 1.21595 25.4022
57 0.942428 1.21284 25.9025
58 0.942392 1.20995 26.431
59 0.942475 1.20728 27.0329
60 0.942499 1.20443 27.6003
61 0.942547 1.20193 28.1172
62 0.942606 1.1989 28.5948
63 0.94263 1.19567 29.0507
64 0.94288 1.19338 29.6171
65 0.943117 1.19063 30.094
66 0.942951 1.18825 30.5432
67 0.942915 1.18552 30.9888
68 0.943177 1.18286 31.4481
69 0.943319 1.18042 32.0053
70 0.943058 1.178 32.4864
71 0.943403 1.17487 32.9991
72 0.94383 1.17302 33.5652
73 0.943391 1.17076 34.0232
74 0.944068 1.1685 34.5438
75 0.943747 1.16625 35.0073
76 0.943997 1.16379 35.481
77 0.943925 1.16199 35.974
78 0.944044 1.15936 36.4613
79 0.94408 1.15688 36.9571
80 0.944306 1.1549 37.3929
81 0.94427 1.15312 37.8431
82 0.944448 1.1507 38.302
83 0.944175 1.14871 38.8104
84 0.944211 1.14678 39.3366
85 0.944092 1.14501 39.7614
86 0.94446 1.14273 40.3302
87 0.944448 1.1409 40.7884
88 0.944543 1.13862 41.2177
89 0.944734 1.13701 41.7445
90 0.944543 1.13533 42.1731
91 0.944615 1.13361 42.6025
92 0.944579 1.13149 43.0428
93 0.944864 1.12967 43.4753
94 0.944864 1.12787 43.9081
95 0.944627 1.12607 44.3387
96 0.944829 1.12439 44.783
97 0.945019 1.12276 45.2103
98 0.944769 1.12122 45.658
99 0.944841 1.1194 46.087
100 0.944948 1.1179 46.52
