1 0.846146 2.59367 0.443337
2 0.872792 2.20145 0.882666
3 0.893615 1.99677 1.3261
4 0.90638 1.86144 1.75934
5 0.912465 1.76844 2.1894
6 0.916744 1.69901 2.62577
7 0.919608 1.64487 3.05893
8 0.92126 1.60264 3.51311
9 0.923388 1.56797 3.94868
10 0.924897 1.53946 4.37761
11 0.926026 1.51518 4.80981
12 0.927144 1.49434 5.23905
13 0.927571 1.47626 5.67061
14 0.928629 1.46057 6.10819
15 0.929521 1.44643 6.54539
16 0.930174 1.43394 6.97962
17 0.930804 1.42225 7.40852
18 0.931339 1.41183 7.84706
19 0.931589 1.40206 8.27387
20 0.932385 1.39303 8.7017
21 0.932349 1.38532 9.13562
22 0.932932 1.37746 9.56671
23 0.933395 1.3699 10.0044
24 0.93368 1.36314 10.4319
25 0.934084 1.35652 10.8692
26 0.934168 1.35014 11.3049
27 0.93475 1.34405 11.7391
28 0.935249 1.33813 12.1719
29 0.935558 1.33227 12.6105
30 0.935689 1.32718 13.0462
31 0.935689 1.32138 13.4735
32 0.936176 1.31643 13.9128
33 0.936497 1.3115 14.3401
34 0.936592 1.30649 14.7762
35 0.936878 1.30191 15.211
36 0.93727 1.29758 15.6406
37 0.937234 1.2932 16.0814
38 0.937757 1.28865 16.5163
39 0.937876 1.28435 16.9479
40 0.937995 1.28022 17.3779
41 0.938007 1.27556 17.8096
42 0.938304 1.2719 18.2395
43 0.938328 1.26774 18.6739
44 0.938387 1.26367 19.1169
45 0.938696 1.26025 19.5455
46 0.938494 1.25669 19.9862
47 0.938767 1.25297 20.4158
48 0.939005 1.24898 20.8543
49 0.939326 1.24569 21.3021
50 0.939516 1.24243 21.7358
51 0.939528 1.23943 22.1663
52 0.939504 1.23596 22.5987
53 0.939754 1.23261 23.0278
54 0.939647 1.22967 23.4562
55 0.93998 1.22593 23.8967
56 0.940098 1.22326 24.3257
57 0.940396 1.22019 24.7609
58 0.940265 1.21731 25.1978
59 0.940407 1.21427 25.6281
60 0.940419 1.21125 26.0598
61 0.94093 1.20856 26.4928
62 0.941061 1.20584 26.925
63 0.940871 1.20317 27.3511
64 0.940752 1.20062 27.7834
65 0.940835 1.19793 28.2181
66 0.941263 1.19549 28.65
67 0.941073 1.19287 29.0795
68 0.941584 1.19017 29.5103
69 0.941548 1.18791 29.9524
70 0.941477 1.18528 30.3824
71 0.941857 1.18295 30.8166
72 0.941643 1.18083 31.2538
73 0.941406 1.17845 31.6815
74 0.941786 1.17623 32.1201
75 0.941976 1.17397 32.5518
76 0.941893 1.1718 32.9816
77 0.941834 1.16945 33.4324
78 0.942119 1.16711 33.8729
79 0.942155 1.16527 34.3017
80 0.942107 1.16291 34.7326
81 0.942059 1.16087 35.1613
82 0.941976 1.15921 35.5936
83 0.94225 1.15721 36.0333
84 0.942345 1.15498 36.4626
85 0.942143 1.15309 36.8968
86 0.942475 1.15138 37.3341
87 0.942487 1.1494 37.7653
88 0.942428 1.14739 38.2017
89 0.94263 1.14547 38.6488
90 0.942749 1.14378 39.0803
91 0.942701 1.14159 39.5094
92 0.942666 1.14 39.9436
93 0.942951 1.13823 40.3719
94 0.942701 1.13659 40.8025
95 0.942891 1.13464 41.2323
96 0.942689 1.1332 41.6705
97 0.942951 1.13152 42.1063
98 0.942963 1.12992 42.542
99 0.942963 1.12805 42.9712
100 0.942868 1.12666 43.4085
