1 0.845266 2.6009 0.41746
2 0.873981 2.20697 0.860848
3 0.895089 2 1.29103
4 0.906392 1.86576 1.7227
5 0.913523 1.77092 2.16006
6 0.916649 1.70173 2.5924
7 0.919347 1.64861 3.0237
8 0.922069 1.60609 3.46103
9 0.923923 1.57131 3.89778
10 0.925242 1.54234 4.32464
11 0.926953 1.51884 4.75904
12 0.927655 1.49773 5.18777
13 0.928653 1.47967 5.61822
14 0.929295 1.46391 6.0645
15 0.929841 1.44987 6.4923
16 0.930733 1.43654 6.92278
17 0.931268 1.42537 7.35399
18 0.931707 1.41513 7.78634
19 0.932254 1.40546 8.21855
20 0.932611 1.39671 8.65185
21 0.933181 1.3885 9.08246
22 0.93349 1.381 9.51262
23 0.933657 1.37348 9.94988
24 0.933704 1.3664 10.3793
25 0.934465 1.35972 10.8178
26 0.934679 1.35326 11.2548
27 0.935273 1.34739 11.6899
28 0.935523 1.34113 12.1382
29 0.936141 1.33527 12.576
30 0.93595 1.3297 13.007
31 0.936153 1.32473 13.4762
32 0.936533 1.31962 13.9907
33 0.936675 1.31457 14.4364
34 0.93702 1.30977 14.8881
35 0.936961 1.30527 15.3533
36 0.937424 1.30077 15.8327
37 0.937674 1.29616 16.3042
38 0.937638 1.29151 16.7636
39 0.937721 1.28694 17.2087
40 0.938114 1.28317 17.6586
41 0.938018 1.27903 18.113
42 0.938304 1.27511 18.559
43 0.938446 1.27109 18.9951
44 0.938589 1.26703 19.4348
45 0.938839 1.26347 19.8812
46 0.939124 1.25984 20.3135
47 0.93929 1.25601 20.7529
48 0.939195 1.25267 21.188
49 0.939231 1.24933 21.6224
50 0.939421 1.24593 22.0661
51 0.939326 1.24257 22.4947
52 0.93954 1.23925 22.9504
53 0.939492 1.23619 23.3953
54 0.939504 1.23311 23.8457
55 0.939694 1.23016 24.2806
56 0.939968 1.22718 24.7287
57 0.939944 1.2241 25.1689
58 0.940598 1.22085 25.7158
59 0.940526 1.2181 26.1875
60 0.940443 1.21513 26.6301
61 0.940384 1.21262 27.2355
62 0.940966 1.20984 27.8422
63 0.9408 1.20702 28.3096
64 0.940918 1.20453 28.766
65 0.940966 1.20191 29.2299
66 0.94093 1.19931 29.6903
67 0.941323 1.19697 30.1512
68 0.941287 1.19416 30.6174
69 0.941477 1.19162 31.0749
70 0.941537 1.18928 31.5197
71 0.941679 1.18705 31.997
72 0.941905 1.18462 32.443
73 0.941905 1.18233 32.9247
74 0.941917 1.18013 33.4297
75 0.942131 1.17795 33.9753
76 0.941881 1.17558 34.4499
77 0.941905 1.1733 34.9087
78 0.941917 1.17138 35.3751
79 0.942036 1.16921 35.8611
80 0.942107 1.167 36.3214
81 0.942404 1.16473 36.8666
82 0.942107 1.16298 37.3837
83 0.942131 1.16095 37.861
84 0.942309 1.15877 38.346
85 0.942475 1.1569 38.7972
86 0.942475 1.15493 39.2511
87 0.942654 1.15326 39.7158
88 0.942571 1.15129 40.2305
89 0.94244 1.14919 40.8456
90 0.942606 1.14747 41.3131
91 0.942808 1.14585 41.7761
92 0.942784 1.14394 42.2863
93 0.942868 1.14198 42.829
94 0.942761 1.14039 43.2937
95 0.943093 1.1388 43.8071
96 0.943414 1.13696 44.2783
97 0.943236 1.13534 44.7487
98 0.943189 1.1338 45.1951
99 0.943224 1.13203 45.6524
100 0.943403 1.13052 46.1141
