1 0.841368 2.56475 1.39551
2 0.87429 2.18376 2.45837
3 0.895826 1.98402 3.80203
4 0.907283 1.85341 4.74474
5 0.913155 1.76327 6.19556
6 0.917053 1.69665 7.51807
7 0.919787 1.64658 8.91168
8 0.922294 1.60634 10.071
9 0.923091 1.57333 11.1947
10 0.924398 1.54651 12.1868
11 0.92624 1.5231 13.4541
12 0.92668 1.5041 14.7289
13 0.927726 1.48752 15.7603
14 0.928189 1.47249 16.9066
15 0.928998 1.45985 18.0585
16 0.92958 1.44822 19.1424
17 0.930257 1.43809 20.202
18 0.93103 1.42907 21.4694
19 0.931493 1.41945 22.5831
20 0.93223 1.41153 23.7525
21 0.932634 1.40372 24.935
22 0.932741 1.39693 26.1893
23 0.933466 1.39004 27.5812
24 0.933704 1.38322 28.8536
25 0.934096 1.37684 29.982
26 0.934358 1.37064 31.1347
27 0.934263 1.36488 32.244
28 0.935 1.35889 33.5135
29 0.935261 1.35335 34.6935
30 0.93557 1.34807 35.805
31 0.935641 1.34274 37.0659
32 0.936176 1.33741 38.236
33 0.936378 1.33251 39.3531
34 0.93645 1.32773 40.5418
35 0.936794 1.32324 41.7167
36 0.937056 1.31839 42.8765
37 0.937567 1.31407 43.8992
38 0.937341 1.30962 45.1519
39 0.937757 1.30479 46.4201
40 0.937721 1.3011 47.4365
41 0.937876 1.29642 48.5169
42 0.937912 1.29266 49.7207
43 0.938018 1.28834 50.7976
44 0.93847 1.28504 51.7694
45 0.938565 1.28096 52.9696
46 0.938815 1.27723 54.0396
47 0.938625 1.27357 55.1542
48 0.939017 1.2699 56.2486
49 0.939041 1.26667 57.4574
50 0.939076 1.26264 58.6677
51 0.939243 1.25942 59.6574
52 0.939397 1.25619 60.7803
53 0.939362 1.25291 62.0016
54 0.939528 1.24979 63.3372
55 0.939611 1.24662 64.5775
56 0.940229 1.24338 65.7259
57 0.939968 1.2406 66.9317
58 0.940039 1.23746 68.4183
59 0.94017 1.23446 69.6246
60 0.940253 1.23164 70.8343
61 0.940265 1.22885 71.8016
62 0.940574 1.22583 72.9276
63 0.940479 1.22299 73.9558
64 0.94074 1.22036 75.3536
65 0.940764 1.21788 76.5959
66 0.940776 1.21497 77.8501
67 0.940835 1.21256 78.9354
68 0.940871 1.21 80.1561
69 0.941168 1.20733 81.3681
70 0.941263 1.20513 82.4417
71 0.941299 1.20253 83.4535
72 0.941287 1.20004 84.4236
73 0.941643 1.19759 85.395
74 0.941572 1.19528 86.4767
75 0.941584 1.19291 87.4959
76 0.941834 1.19076 88.7077
77 0.941834 1.18836 90.2206
78 0.942083 1.18623 91.2174
79 0.941976 1.18462 92.3813
80 0.942 1.18193 93.5482
81 0.942178 1.18004 94.758
82 0.942309 1.17754 95.8796
83 0.942262 1.17597 97.1069
84 0.942404 1.17359 98.3071
85 0.942392 1.17163 99.7261
86 0.942297 1.16962 100.676
87 0.942368 1.16795 101.801
88 0.942713 1.16545 102.98
89 0.942654 1.16408 103.916
90 0.942784 1.16178 105.421
91 0.942689 1.15991 106.568
92 0.942761 1.15828 107.711
93 0.942594 1.15639 108.832
94 0.942891 1.15422 109.977
95 0.94301 1.15268 111.026
96 0.943093 1.15081 112.268
97 0.943105 1.14919 113.515
98 0.942903 1.14769 114.738
99 0.943034 1.1459 115.855
100 0.943212 1.14418 117.064
