1 0.843733 2.57632 0.231362
2 0.875728 2.1918 0.489087
3 0.898037 1.9893 0.735886
4 0.908294 1.85672 0.976199
5 0.914985 1.76565 1.24136
6 0.918634 1.69841 1.48955
7 0.921641 1.64676 1.70072
8 0.923221 1.60521 1.94759
9 0.92504 1.57161 2.21267
10 0.925575 1.54326 2.48259
11 0.926751 1.52033 2.72979
12 0.927357 1.50052 2.99674
13 0.928439 1.48318 3.26888
14 0.929366 1.46795 3.52895
15 0.930079 1.45489 3.80078
16 0.930507 1.44271 4.02808
17 0.931446 1.43225 4.28439
18 0.932088 1.42185 4.5225
19 0.932492 1.4131 4.78184
20 0.93273 1.40449 5.03285
21 0.933502 1.39644 5.28419
22 0.933526 1.38878 5.52919
23 0.933989 1.38192 5.77063
24 0.934417 1.37461 6.00416
25 0.934952 1.36802 6.26817
26 0.935071 1.36229 6.49288
27 0.935118 1.35576 6.71517
28 0.935487 1.34988 6.95624
29 0.935843 1.34401 7.2217
30 0.936046 1.33863 7.47796
31 0.936283 1.33321 7.7469
32 0.936509 1.32769 7.96231
33 0.936723 1.32287 8.20546
34 0.936984 1.31806 8.42922
35 0.9374 1.31301 8.68021
36 0.937365 1.30812 8.91414
37 0.937793 1.3039 9.18226
38 0.938007 1.29911 9.4012
39 0.938102 1.29515 9.66421
40 0.938185 1.29018 9.95005
41 0.938173 1.28631 10.1752
42 0.938815 1.28186 10.4005
43 0.938732 1.27812 10.6665
44 0.938874 1.27399 10.9245
45 0.939385 1.27017 11.1978
46 0.93929 1.26636 11.4561
47 0.939373 1.26256 11.6684
48 0.939433 1.25924 11.9208
49 0.940003 1.2553 12.1484
50 0.939884 1.25204 12.4012
51 0.939932 1.24874 12.6389
52 0.940158 1.24513 12.8883
53 0.940182 1.24195 13.1401
54 0.940503 1.23862 13.3581
55 0.940407 1.2355 13.6027
56 0.940562 1.23231 13.8373
57 0.940621 1.22937 14.0746
58 0.940598 1.22637 14.3602
59 0.940752 1.22303 14.6082
60 0.941109 1.22036 14.856
61 0.940847 1.21726 15.1302
62 0.941061 1.2144 15.3564
63 0.94137 1.21172 15.6
64 0.94137 1.2088 15.8242
65 0.941489 1.20631 16.1217
66 0.941715 1.20366 16.3828
67 0.94143 1.20104 16.6531
68 0.941572 1.19856 16.8913
69 0.941572 1.19578 17.1367
70 0.941846 1.19341 17.3831
71 0.94181 1.19096 17.5848
72 0.941893 1.18852 17.8157
73 0.942059 1.18616 18.0753
74 0.941988 1.18351 18.3099
75 0.941869 1.18162 18.5793
76 0.942297 1.17912 18.8368
77 0.942155 1.1769 19.1075
78 0.942321 1.17465 19.3596
79 0.942547 1.17229 19.6097
80 0.942618 1.1702 19.8668
81 0.942392 1.16833 20.0922
82 0.942523 1.16609 20.341
83 0.94263 1.16418 20.587
84 0.942511 1.16185 20.8298
85 0.942452 1.15991 21.1086
86 0.942666 1.158 21.3399
87 0.942618 1.15622 21.5868
88 0.942891 1.15375 21.8279
89 0.942784 1.15223 22.0623
90 0.942701 1.15037 22.3459
91 0.942761 1.1482 22.5938
92 0.942987 1.14644 22.8953
93 0.942963 1.14458 23.114
94 0.94301 1.1429 23.3637
95 0.943022 1.14083 23.6372
96 0.943105 1.13944 23.8817
97 0.9432 1.13745 24.1132
98 0.94326 1.13604 24.347
99 0.943165 1.13406 24.563
100 0.943379 1.13246 24.8469
