1 0.845147 2.56584 0.180255
2 0.87864 2.18501 0.379139
3 0.899736 1.98562 0.560861
4 0.910718 1.85665 0.752558
5 0.915959 1.76686 0.941714
6 0.919798 1.7004 1.10353
7 0.922069 1.65028 1.32033
8 0.923899 1.60966 1.47529
9 0.925515 1.57691 1.689
10 0.926537 1.5493 1.8774
11 0.927571 1.52656 2.0562
12 0.929116 1.5067 2.21929
13 0.929497 1.49023 2.41512
14 0.930234 1.47582 2.61842
15 0.931006 1.46236 2.83179
16 0.931803 1.45101 3.05776
17 0.932028 1.44046 3.309
18 0.932765 1.43096 3.51047
19 0.933383 1.4218 3.70597
20 0.933906 1.41382 3.90428
21 0.934191 1.40591 4.11498
22 0.934489 1.39953 4.33759
23 0.934857 1.39181 4.57666
24 0.935321 1.38577 4.75178
25 0.93557 1.37912 4.94569
26 0.935594 1.37283 5.13586
27 0.936153 1.36685 5.36578
28 0.936117 1.36117 5.55569
29 0.936687 1.35551 5.7481
30 0.936794 1.35031 5.97749
31 0.937032 1.34482 6.21731
32 0.937329 1.33982 6.43414
33 0.937519 1.33521 6.68573
34 0.93746 1.32994 6.92695
35 0.937305 1.32495 7.15359
36 0.937816 1.3205 7.33233
37 0.938078 1.31579 7.50946
38 0.938232 1.31178 7.68412
39 0.93853 1.30708 7.89044
40 0.938684 1.30289 8.11564
41 0.939088 1.29872 8.31638
42 0.939005 1.29488 8.50046
43 0.939338 1.29102 8.69624
44 0.939492 1.28665 8.91324
45 0.93954 1.28301 9.13547
46 0.93948 1.27915 9.32182
47 0.939837 1.27576 9.56323
48 0.939778 1.27216 9.77981
49 0.940039 1.26829 9.99203
50 0.940217 1.26495 10.2252
51 0.940396 1.26149 10.4221
52 0.940396 1.25846 10.6456
53 0.940503 1.25507 10.859
54 0.940621 1.25169 11.1047
55 0.941002 1.24871 11.3142
56 0.940752 1.24558 11.5507
57 0.94093 1.24257 11.7208
58 0.94099 1.23925 11.963
59 0.940883 1.2369 12.1501
60 0.94099 1.23379 12.3826
61 0.941251 1.23101 12.6156
62 0.941358 1.228 12.8148
63 0.941346 1.22557 13.0589
64 0.94118 1.22255 13.2481
65 0.941608 1.21994 13.4782
66 0.941667 1.21706 13.6832
67 0.941667 1.21499 13.8761
68 0.941857 1.21199 14.1211
69 0.941857 1.20954 14.3467
70 0.942083 1.20673 14.5483
71 0.942083 1.2048 14.7704
72 0.942107 1.20213 14.9946
73 0.942119 1.20001 15.1956
74 0.942119 1.1975 15.4056
75 0.942333 1.19531 15.592
76 0.942606 1.19301 15.7826
77 0.942642 1.19094 15.953
78 0.942725 1.18851 16.1691
79 0.942618 1.18605 16.3417
80 0.942737 1.18422 16.5273
81 0.942784 1.18223 16.7148
82 0.942725 1.17981 16.9277
83 0.94288 1.17782 17.1429
84 0.942903 1.17577 17.386
85 0.942927 1.17381 17.6373
86 0.942951 1.17162 17.8766
87 0.943082 1.17005 18.0877
88 0.942998 1.168 18.3166
89 0.943165 1.16606 18.4967
90 0.943189 1.16411 18.7305
91 0.943224 1.16234 18.9327
92 0.943105 1.16062 19.1592
93 0.943165 1.15852 19.386
94 0.943046 1.15688 19.5771
95 0.943355 1.15526 19.7525
96 0.943153 1.15344 19.9196
97 0.943379 1.15158 20.1089
98 0.943224 1.15009 20.3077
99 0.943355 1.14813 20.4976
100 0.943557 1.14674 20.7021
