1 0.84378 2.59157 0.212687
2 0.876227 2.20323 0.396912
3 0.897799 1.9996 0.54617
4 0.90972 1.86688 0.683881
5 0.915757 1.77581 0.86749
6 0.919917 1.70929 1.03117
7 0.922401 1.65858 1.20884
8 0.924755 1.61789 1.34726
9 0.925646 1.58528 1.50814
10 0.927357 1.55799 1.65162
11 0.92857 1.535 1.7992
12 0.92914 1.51553 1.94373
13 0.929948 1.4986 2.0814
14 0.930376 1.48419 2.22361
15 0.930852 1.47107 2.35459
16 0.931803 1.45967 2.48744
17 0.932468 1.4488 2.61549
18 0.932943 1.43943 2.74781
19 0.933205 1.43021 2.92073
20 0.933716 1.42236 3.06362
21 0.934382 1.41441 3.21373
22 0.934703 1.40753 3.35511
23 0.935047 1.40039 3.51398
24 0.935772 1.39357 3.65629
25 0.935891 1.38706 3.80814
26 0.936164 1.38106 3.94954
27 0.936057 1.37504 4.0928
28 0.936759 1.36956 4.24516
29 0.93683 1.36347 4.40553
30 0.937389 1.35793 4.56058
31 0.937781 1.35288 4.7508
32 0.937781 1.3479 4.94284
33 0.938125 1.34276 5.1068
34 0.938316 1.33829 5.30803
35 0.938375 1.3333 5.50575
36 0.93853 1.32861 5.68051
37 0.93891 1.32421 5.83346
38 0.939433 1.31981 6.00752
39 0.939362 1.31561 6.18573
40 0.939575 1.31124 6.34345
41 0.939778 1.30737 6.5092
42 0.939564 1.30334 6.68852
43 0.93954 1.29948 6.86359
44 0.940098 1.29556 7.02661
45 0.940182 1.29149 7.21089
46 0.940229 1.28791 7.3951
47 0.940681 1.28446 7.58249
48 0.940716 1.28074 7.77675
49 0.940859 1.27724 7.92933
50 0.941025 1.27365 8.08029
51 0.941168 1.27049 8.27722
52 0.940954 1.26724 8.46234
53 0.941216 1.26413 8.63279
54 0.941501 1.26075 8.84208
55 0.941228 1.25747 9.03192
56 0.94175 1.25447 9.23405
57 0.941655 1.25173 9.37035
58 0.941739 1.24873 9.53685
59 0.942119 1.24568 9.69306
60 0.941941 1.24269 9.84806
61 0.942024 1.24009 10.0035
62 0.942155 1.23713 10.1505
63 0.942166 1.23471 10.3081
64 0.941893 1.23206 10.4609
65 0.942618 1.22901 10.6036
66 0.942095 1.22652 10.7616
67 0.942582 1.22372 10.9163
68 0.94219 1.22159 11.0686
69 0.942464 1.21886 11.22
70 0.942844 1.21641 11.3872
71 0.942891 1.21399 11.5515
72 0.942915 1.21148 11.6971
73 0.943082 1.20939 11.8529
74 0.942963 1.20696 12.0101
75 0.943236 1.20418 12.177
76 0.942951 1.20232 12.336
77 0.943022 1.20023 12.4958
78 0.943545 1.19774 12.6343
79 0.94326 1.1957 12.7756
80 0.943331 1.19355 12.9303
81 0.943414 1.19107 13.0779
82 0.943414 1.18928 13.2242
83 0.943391 1.18725 13.3866
84 0.943771 1.18532 13.5097
85 0.943735 1.18325 13.6528
86 0.943628 1.1813 13.8042
87 0.943628 1.17951 13.9539
88 0.943759 1.17755 14.0858
89 0.943795 1.17548 14.2356
90 0.943985 1.17358 14.417
91 0.943902 1.172 14.5538
92 0.943878 1.16997 14.7034
93 0.944139 1.16824 14.8448
94 0.944353 1.16664 15.0293
95 0.944092 1.1647 15.2016
96 0.944211 1.16284 15.3504
97 0.944056 1.16137 15.4818
98 0.944341 1.15962 15.6417
99 0.944163 1.15801 15.7915
100 0.944246 1.15639 15.9639
