1 0.847275 2.56476 0.172703
2 0.878747 2.17522 0.334661
3 0.901162 1.97451 0.50632
4 0.910766 1.84215 0.655905
5 0.917386 1.75073 0.798837
6 0.921034 1.68316 0.995224
7 0.922972 1.63149 1.16836
8 0.924422 1.59123 1.33
9 0.925907 1.55765 1.49615
10 0.927524 1.52994 1.64513
11 0.928166 1.50693 1.80044
12 0.929069 1.48738 1.9719
13 0.930127 1.47007 2.14889
14 0.930899 1.4548 2.33183
15 0.931719 1.44134 2.49816
16 0.932183 1.42957 2.6602
17 0.932789 1.41866 2.84013
18 0.933348 1.40975 3.02595
19 0.933764 1.40007 3.19743
20 0.934025 1.39226 3.34946
21 0.934489 1.38412 3.50336
22 0.93475 1.37716 3.66312
23 0.935261 1.36971 3.83026
24 0.935332 1.36317 4.00547
25 0.935511 1.3568 4.16895
26 0.935974 1.3503 4.31781
27 0.936343 1.3449 4.48917
28 0.936913 1.33863 4.63906
29 0.936759 1.33326 4.82858
30 0.937246 1.32753 4.99343
31 0.93765 1.32253 5.21339
32 0.937721 1.31726 5.37342
33 0.938078 1.31216 5.58033
34 0.937912 1.3073 5.7724
35 0.938161 1.30258 5.93686
36 0.938684 1.29802 6.14624
37 0.938565 1.29334 6.29488
38 0.938743 1.28897 6.45437
39 0.938839 1.28457 6.64701
40 0.938791 1.27996 6.82041
41 0.939409 1.27598 6.99884
42 0.939338 1.27224 7.15734
43 0.939564 1.26802 7.33652
44 0.939659 1.26452 7.49432
45 0.939991 1.26044 7.65171
46 0.939754 1.25673 7.85053
47 0.940015 1.25318 8.02254
48 0.940098 1.24917 8.1953
49 0.940681 1.24559 8.34687
50 0.940681 1.24216 8.49492
51 0.940609 1.23914 8.70703
52 0.941014 1.23592 8.89128
53 0.940812 1.23265 9.06258
54 0.941216 1.22934 9.24619
55 0.941144 1.2262 9.43884
56 0.941156 1.22332 9.61198
57 0.941418 1.21981 9.77739
58 0.941382 1.21705 9.96675
59 0.941263 1.214 10.1254
60 0.941465 1.21156 10.2889
61 0.941798 1.20817 10.4576
62 0.941798 1.20546 10.6299
63 0.942262 1.20276 10.7919
64 0.941762 1.20028 10.9699
65 0.942095 1.1972 11.1736
66 0.942083 1.19465 11.3263
67 0.942024 1.19211 11.4893
68 0.942416 1.18933 11.6605
69 0.942487 1.18686 11.8418
70 0.942392 1.18473 11.9831
71 0.942392 1.18215 12.1474
72 0.942464 1.17952 12.3041
73 0.942523 1.17702 12.4849
74 0.942475 1.17497 12.6429
75 0.942808 1.17242 12.8009
76 0.942499 1.17044 12.9679
77 0.942618 1.16824 13.159
78 0.94288 1.16589 13.314
79 0.943093 1.16337 13.4768
80 0.942963 1.16157 13.6553
81 0.943153 1.15962 13.8017
82 0.94301 1.15719 13.9905
83 0.943177 1.15512 14.1558
84 0.943058 1.1533 14.3257
85 0.943248 1.15093 14.53
86 0.943343 1.14912 14.7179
87 0.943414 1.14683 14.8924
88 0.943438 1.14508 15.1087
89 0.943593 1.1432 15.3069
90 0.943628 1.14121 15.4963
91 0.943474 1.13958 15.6907
92 0.94389 1.13768 15.9008
93 0.943759 1.13554 16.0838
94 0.943581 1.13408 16.2711
95 0.943616 1.13206 16.4353
96 0.943438 1.13074 16.6061
97 0.943783 1.12859 16.7752
98 0.943712 1.12708 16.9348
99 0.943985 1.125 17.1272
100 0.944056 1.12399 17.3089
