1 0.808452 2.58077 0.440631
2 0.823977 2.19661 1.01453
3 0.829068 1.98343 1.55977
4 0.834217 1.83855 2.06409
5 0.835398 1.73152 2.6672
6 0.83896 1.64796 3.28142
7 0.842619 1.58055 3.91377
8 0.844864 1.52338 4.53519
9 0.846316 1.47568 5.16977
10 0.850478 1.433 5.78663
11 0.852859 1.39696 6.39958
12 0.854505 1.36406 7.03342
13 0.85675 1.33483 7.63983
14 0.858454 1.30866 8.15113
15 0.859925 1.28457 8.77891
16 0.860893 1.2627 9.41521
17 0.862925 1.24272 10.1157
18 0.865055 1.2242 10.7761
19 0.864861 1.20668 11.449
20 0.865887 1.19161 12.124
21 0.866642 1.17625 12.7663
22 0.867571 1.16274 13.4133
23 0.868946 1.14976 14.0489
24 0.869739 1.13736 14.7146
25 0.870514 1.12612 15.3884
26 0.87001 1.11538 16.0385
27 0.871036 1.10505 16.5994
28 0.871695 1.09552 17.0964
29 0.87212 1.08659 17.7367
30 0.872372 1.07747 18.4127
31 0.872314 1.06954 19.0576
32 0.873321 1.06187 19.6794
33 0.87303 1.05401 20.2126
34 0.873185 1.04724 20.8765
35 0.873456 1.03991 21.4137
36 0.873495 1.03387 21.9194
37 0.874405 1.02691 22.5804
38 0.874773 1.02132 23.2192
39 0.875005 1.01574 23.7883
40 0.87456 1.01018 24.3285
41 0.875528 1.00495 24.9685
42 0.875528 1.00009 25.5047
43 0.875857 0.994856 26.0604
44 0.87545 0.990239 26.7287
45 0.875682 0.98579 27.258
46 0.876108 0.981408 27.9124
47 0.87665 0.97718 28.5446
48 0.876883 0.973164 29.2071
49 0.876728 0.969284 29.8881
50 0.876999 0.965357 30.4016
51 0.876883 0.961626 31.0736
52 0.877579 0.958078 31.6061
53 0.877541 0.954819 32.2026
54 0.876979 0.951452 32.8227
55 0.877134 0.948139 33.4487
56 0.877579 0.944948 34.0616
57 0.877831 0.941915 34.625
58 0.877134 0.939061 35.3195
59 0.877928 0.936149 36.048
60 0.877657 0.933874 36.724
61 0.877657 0.931088 37.4107
62 0.87787 0.928176 38.0922
63 0.87847 0.925911 38.6202
64 0.877754 0.923412 39.3376
65 0.877618 0.921024 40.0265
66 0.877909 0.918733 40.6001
67 0.878102 0.916683 41.2841
68 0.878315 0.914325 42.0056
69 0.878528 0.912401 42.6787
70 0.878567 0.91014 43.2488
71 0.879264 0.908492 43.9285
72 0.879051 0.906096 44.6215
73 0.878973 0.904469 45.3102
74 0.878876 0.902571 45.9941
75 0.878896 0.900539 46.6276
76 0.879322 0.899183 47.1769
77 0.879302 0.897607 47.861
78 0.879651 0.895959 48.4334
79 0.879147 0.893981 49.1182
80 0.87967 0.892765 49.7672
81 0.879786 0.891151 50.4358
82 0.879515 0.889611 51.1346
83 0.87938 0.8882 51.818
84 0.879844 0.886808 52.3765
85 0.880135 0.885626 53.0759
86 0.879728 0.884136 53.7535
87 0.879554 0.882566 54.4485
88 0.879573 0.881481 55.152
89 0.880154 0.880227 55.8772
90 0.879728 0.87894 56.5413
91 0.879883 0.877729 57.2251
92 0.880619 0.876731 57.9126
93 0.87967 0.875453 58.5949
94 0.880638 0.874356 59.1867
95 0.880173 0.873342 59.882
96 0.879844 0.872226 60.4583
97 0.880599 0.871088 61.1877
98 0.879902 0.870107 61.8801
99 0.880096 0.869238 62.5702
100 0.879902 0.868387 63.1906
