1 0.79645 3.45326 0.134167
2 0.809516 3.1194 0.249421
3 0.813059 2.90681 0.396642
4 0.81784 2.7546 0.533778
5 0.82086 2.63782 0.634224
6 0.823783 2.54315 0.76508
7 0.826222 2.46192 0.909942
8 0.827423 2.39184 1.05418
9 0.829378 2.33044 1.17293
10 0.832185 2.27638 1.30028
11 0.833946 2.22602 1.42369
12 0.834914 2.18036 1.53174
13 0.837392 2.13848 1.65482
14 0.83865 2.10002 1.76682
15 0.839309 2.06543 1.85676
16 0.840702 2.03162 1.97721
17 0.841806 2.00077 2.08164
18 0.842967 1.97222 2.20237
19 0.84409 1.94432 2.32427
20 0.844826 1.91932 2.44858
21 0.846374 1.89468 2.55961
22 0.847013 1.87161 2.68862
23 0.847478 1.84989 2.79471
24 0.848291 1.82911 2.92215
25 0.848949 1.80968 3.05505
26 0.84951 1.79007 3.16065
27 0.850652 1.77265 3.27693
28 0.851117 1.75499 3.3909
29 0.851833 1.73831 3.50351
30 0.85222 1.72273 3.66013
31 0.852666 1.70764 3.79476
32 0.853595 1.69302 3.9354
33 0.853672 1.67898 4.06602
34 0.85373 1.66512 4.1685
35 0.854601 1.6522 4.31398
36 0.855182 1.63963 4.42719
37 0.854756 1.6272 4.5657
38 0.855414 1.6154 4.67383
39 0.856015 1.60384 4.81661
40 0.856015 1.59291 4.93674
41 0.856499 1.5817 5.0651
42 0.856711 1.57137 5.17592
43 0.85735 1.56106 5.30926
44 0.857021 1.55126 5.42101
45 0.857815 1.54178 5.50494
46 0.858067 1.53242 5.64602
47 0.858725 1.52338 5.77034
48 0.858647 1.51438 5.93198
49 0.859112 1.50603 6.08756
50 0.859073 1.49757 6.20595
51 0.859402 1.48957 6.36297
52 0.860486 1.48141 6.49885
53 0.860331 1.47355 6.69429
54 0.860409 1.46592 6.81692
55 0.860932 1.45888 6.98935
56 0.860932 1.45156 7.1427
57 0.86159 1.44425 7.24693
58 0.86097 1.43756 7.35074
59 0.861686 1.43062 7.47759
60 0.861957 1.42403 7.58042
61 0.862229 1.41785 7.69986
62 0.862422 1.41119 7.81218
63 0.862306 1.40474 7.94162
64 0.862635 1.39903 8.09306
65 0.862693 1.39275 8.21838
66 0.862674 1.38711 8.35075
67 0.862732 1.3812 8.48784
68 0.863254 1.37534 8.62002
69 0.862829 1.37021 8.75017
70 0.863254 1.36477 8.87343
71 0.863738 1.35953 9.01289
72 0.864397 1.35413 9.12555
73 0.864242 1.34914 9.2639
74 0.864455 1.34393 9.41524
75 0.864261 1.33905 9.55162
76 0.864629 1.33403 9.69071
77 0.864842 1.32934 9.84711
78 0.864977 1.32463 9.99853
79 0.864745 1.31989 10.1798
80 0.865171 1.31574 10.331
81 0.865423 1.31104 10.4783
82 0.865365 1.30665 10.6326
83 0.865403 1.30258 10.7937
84 0.865597 1.29836 10.9358
85 0.865984 1.29429 11.1153
86 0.865674 1.29033 11.2687
87 0.866119 1.28598 11.4221
88 0.865926 1.28228 11.5604
89 0.86579 1.27818 11.6915
90 0.866158 1.27434 11.8653
91 0.866449 1.27045 12.0203
92 0.8667 1.26694 12.1805
93 0.866565 1.26304 12.3272
94 0.866313 1.25931 12.5225
95 0.866836 1.25572 12.6701
96 0.866487 1.25218 12.8396
97 0.866874 1.24903 13.0081
98 0.866797 1.24551 13.1913
99 0.866991 1.2422 13.3634
100 0.866913 1.23868 13.5248
