1 0.811878 2.71275 0.0826879
2 0.823493 2.24577 0.15289
3 0.826668 2.01282 0.219407
4 0.832165 1.86118 0.293029
5 0.83505 1.74989 0.358567
6 0.838244 1.66333 0.433012
7 0.840102 1.59312 0.505422
8 0.84349 1.53349 0.570088
9 0.846161 1.48445 0.643605
10 0.849046 1.44142 0.713297
11 0.851194 1.40363 0.782103
12 0.854253 1.36918 0.854674
13 0.85524 1.33896 0.9247
14 0.85826 1.31126 0.999926
15 0.858996 1.28622 1.08054
16 0.861144 1.2635 1.16078
17 0.862654 1.24288 1.23866
18 0.864126 1.22439 1.31487
19 0.865016 1.2069 1.38482
20 0.865752 1.19054 1.45564
21 0.866274 1.17581 1.52918
22 0.86732 1.16157 1.59385
23 0.868384 1.14838 1.66142
24 0.86821 1.13659 1.72672
25 0.86943 1.12504 1.79827
26 0.869623 1.11452 1.86224
27 0.870301 1.10384 1.93258
28 0.871637 1.09414 2.00287
29 0.871288 1.08529 2.06956
30 0.870998 1.07645 2.14005
31 0.871946 1.0684 2.21298
32 0.871985 1.06074 2.28157
33 0.872082 1.05355 2.34691
34 0.872837 1.04638 2.43232
35 0.873863 1.03975 2.5104
36 0.874405 1.0336 2.58125
37 0.873398 1.02714 2.64701
38 0.874405 1.02097 2.72126
39 0.874385 1.01602 2.79204
40 0.873979 1.01005 2.86181
41 0.873766 1.00537 2.93115
42 0.87516 1.0003 3.00017
43 0.876089 0.994555 3.07379
44 0.875663 0.990868 3.15101
45 0.875431 0.986154 3.22132
46 0.875644 0.981491 3.28738
47 0.876244 0.97752 3.3532
48 0.875973 0.974249 3.42357
49 0.876805 0.970099 3.49497
50 0.87574 0.966811 3.56064
51 0.876495 0.962964 3.62509
52 0.876263 0.959958 3.69338
53 0.875586 0.95594 3.76073
54 0.876128 0.9526 3.83081
55 0.876612 0.949337 3.90121
56 0.876631 0.946225 3.96942
57 0.876341 0.943391 4.03441
58 0.877154 0.940472 4.11167
59 0.877076 0.937898 4.18656
60 0.87756 0.934894 4.2561
61 0.876786 0.932857 4.32469
62 0.877754 0.930251 4.39418
63 0.877483 0.927416 4.46064
64 0.876457 0.925998 4.52911
65 0.877986 0.922927 4.59688
66 0.876766 0.920733 4.66729
67 0.87696 0.918553 4.73397
68 0.877599 0.915803 4.80354
69 0.877057 0.914436 4.88255
70 0.87725 0.912347 4.96756
71 0.878412 0.909737 5.05355
72 0.877328 0.908211 5.14205
73 0.877986 0.907082 5.23756
74 0.877541 0.905097 5.33298
75 0.877289 0.903519 5.42285
76 0.878005 0.901529 5.51014
77 0.877638 0.899816 5.59662
78 0.878218 0.897581 5.69239
79 0.877792 0.896419 5.78117
80 0.877425 0.895697 5.87273
81 0.877831 0.893551 5.96434
82 0.878528 0.892415 6.05024
83 0.877347 0.89057 6.14296
84 0.878625 0.889694 6.2429
85 0.877986 0.887914 6.33337
86 0.878334 0.886698 6.42271
87 0.878644 0.885289 6.5211
88 0.878547 0.884284 6.61558
89 0.878605 0.883401 6.70979
90 0.878838 0.881838 6.80144
91 0.878393 0.88136 6.89891
92 0.878083 0.879946 7.00196
93 0.878509 0.878802 7.09177
94 0.878102 0.877206 7.18675
95 0.877967 0.876473 7.27854
96 0.878315 0.875794 7.37309
97 0.878818 0.874498 7.46874
98 0.878063 0.874287 7.5637
99 0.87756 0.872981 7.65842
100 0.878586 0.871958 7.75757
