1 0.799779 3.44177 0.0999339
2 0.813988 3.11132 0.181391
3 0.817356 2.89901 0.272171
4 0.820686 2.74698 0.34281
5 0.824829 2.63003 0.406163
6 0.826842 2.53354 0.48372
7 0.828487 2.45343 0.573459
8 0.831275 2.38275 0.649663
9 0.833153 2.3205 0.71307
10 0.83443 2.26558 0.784837
11 0.836018 2.21618 0.873144
12 0.836327 2.17066 0.940471
13 0.838999 2.12923 1.01602
14 0.840528 2.09091 1.0939
15 0.840915 2.05495 1.18311
16 0.842619 2.02298 1.26147
17 0.843219 1.99176 1.36188
18 0.845019 1.96225 1.44225
19 0.845329 1.93532 1.52304
20 0.846045 1.90926 1.58888
21 0.846994 1.88568 1.66071
22 0.847381 1.86314 1.73322
23 0.847981 1.84159 1.82747
24 0.849046 1.8205 1.90243
25 0.849084 1.80116 1.99282
26 0.850362 1.7823 2.07511
27 0.850981 1.76468 2.14647
28 0.851156 1.74765 2.20893
29 0.852259 1.73111 2.27684
30 0.853169 1.71578 2.3514
31 0.852995 1.70092 2.44369
32 0.854408 1.68649 2.52165
33 0.854156 1.67231 2.58597
34 0.854737 1.65886 2.66892
35 0.855027 1.64661 2.7542
36 0.855608 1.63414 2.8295
37 0.85584 1.62147 2.90566
38 0.856208 1.61058 2.97508
39 0.857099 1.59913 3.05718
40 0.857157 1.58852 3.13021
41 0.857563 1.57807 3.22004
42 0.858241 1.56802 3.30816
43 0.858376 1.55775 3.40913
44 0.858938 1.54794 3.49492
45 0.858841 1.53882 3.56559
46 0.859305 1.52982 3.64901
47 0.859538 1.52043 3.7295
48 0.859751 1.51273 3.81125
49 0.859693 1.50413 3.88157
50 0.859518 1.49603 3.95497
51 0.860409 1.48847 4.02054
52 0.860196 1.4807 4.1016
53 0.860602 1.47302 4.17366
54 0.860738 1.46565 4.28044
55 0.860525 1.45846 4.3758
56 0.861377 1.45149 4.45273
57 0.861241 1.44468 4.52407
58 0.86159 1.43804 4.60816
59 0.86159 1.43166 4.68341
60 0.861086 1.42507 4.75724
61 0.861454 1.41904 4.841
62 0.861706 1.41277 4.93801
63 0.862441 1.40678 5.00947
64 0.862132 1.40073 5.08906
65 0.862364 1.39488 5.17879
66 0.861899 1.38987 5.25999
67 0.862887 1.38404 5.34171
68 0.862712 1.37868 5.41046
69 0.86279 1.37367 5.47966
70 0.863003 1.36819 5.56664
71 0.863506 1.36324 5.65648
72 0.86339 1.35838 5.73379
73 0.862983 1.35318 5.80187
74 0.863738 1.34822 5.87868
75 0.863797 1.34368 5.9612
76 0.863971 1.33921 6.04846
77 0.864029 1.33436 6.12305
78 0.864126 1.32983 6.19775
79 0.864513 1.32562 6.29257
80 0.865248 1.32128 6.36309
81 0.865055 1.31714 6.44153
82 0.864977 1.31317 6.53918
83 0.865113 1.30883 6.60675
84 0.865694 1.30458 6.68845
85 0.865655 1.30031 6.76439
86 0.865907 1.2969 6.82817
87 0.865945 1.29303 6.91113
88 0.865829 1.28934 6.98752
89 0.866332 1.28567 7.06879
90 0.8655 1.28201 7.15786
91 0.86581 1.27836 7.23063
92 0.866197 1.27453 7.29411
93 0.86641 1.27157 7.38297
94 0.86639 1.26781 7.45586
95 0.866274 1.26456 7.53595
96 0.866119 1.26086 7.61907
97 0.866023 1.25767 7.69552
98 0.866565 1.25445 7.78831
99 0.866603 1.25102 7.88442
100 0.867068 1.248 7.96711
