1 0.808471 2.60536 0.118955
2 0.82177 2.22489 0.204958
3 0.826803 2.01187 0.275314
4 0.832456 1.86748 0.353628
5 0.835669 1.76033 0.43679
6 0.837973 1.67683 0.504873
7 0.841709 1.60912 0.574507
8 0.844245 1.55192 0.644318
9 0.845329 1.50378 0.71113
10 0.849317 1.46148 0.786531
11 0.850614 1.42424 0.858965
12 0.85315 1.39162 0.926787
13 0.855473 1.36225 1.00037
14 0.857718 1.33552 1.07581
15 0.858744 1.31162 1.14303
16 0.861415 1.28904 1.21756
17 0.86157 1.26917 1.27897
18 0.862364 1.25057 1.3573
19 0.863216 1.23356 1.42247
20 0.86459 1.21728 1.4882
21 0.865558 1.20262 1.56095
22 0.866119 1.18888 1.63009
23 0.866526 1.17625 1.69278
24 0.867978 1.16376 1.77062
25 0.868268 1.15247 1.84596
26 0.868907 1.14166 1.93717
27 0.869372 1.13094 2.02222
28 0.869759 1.12224 2.11401
29 0.87032 1.11246 2.17969
30 0.871385 1.10378 2.24677
31 0.87183 1.09583 2.31372
32 0.872024 1.08785 2.37759
33 0.871598 1.08098 2.44515
34 0.872333 1.07345 2.51519
35 0.872721 1.06626 2.57804
36 0.87274 1.05996 2.65921
37 0.873611 1.05353 2.74664
38 0.873069 1.04814 2.82224
39 0.874018 1.04177 2.89125
40 0.874269 1.0366 2.95503
41 0.874579 1.0314 3.01466
42 0.874134 1.02642 3.0747
43 0.874927 1.0216 3.14851
44 0.875992 1.01682 3.21478
45 0.875411 1.0121 3.28253
46 0.875818 1.008 3.34685
47 0.875334 1.00412 3.41083
48 0.876031 1.00005 3.47735
49 0.876089 0.995827 3.53965
50 0.876011 0.991941 3.60883
51 0.87667 0.98862 3.67444
52 0.876883 0.984821 3.7345
53 0.876921 0.981152 3.79622
54 0.876244 0.978282 3.86236
55 0.876244 0.97503 3.92445
56 0.87665 0.971822 3.98933
57 0.876689 0.96909 4.05884
58 0.876553 0.966164 4.1183
59 0.876902 0.963265 4.18082
60 0.877037 0.96034 4.24977
61 0.877831 0.957754 4.31505
62 0.876689 0.954838 4.38374
63 0.87727 0.952433 4.47285
64 0.877831 0.949754 4.54864
65 0.877289 0.947661 4.61413
66 0.877192 0.945266 4.67958
67 0.878296 0.94311 4.7465
68 0.877444 0.941107 4.82458
69 0.877715 0.938462 4.89757
70 0.877831 0.936705 4.97771
71 0.877212 0.934566 5.05843
72 0.877599 0.932539 5.13699
73 0.877289 0.930668 5.21696
74 0.878121 0.928827 5.28496
75 0.877967 0.927184 5.35377
76 0.878644 0.924965 5.4177
77 0.878586 0.92362 5.48402
78 0.877715 0.921817 5.5488
79 0.878121 0.920017 5.63422
80 0.878431 0.918262 5.69904
81 0.877773 0.916791 5.76758
82 0.878857 0.915195 5.8361
83 0.878218 0.913672 5.90755
84 0.878296 0.912332 5.97166
85 0.878702 0.910839 6.04553
86 0.878664 0.90955 6.10984
87 0.878315 0.907988 6.16906
88 0.87878 0.906835 6.23813
89 0.878489 0.905727 6.30538
90 0.877947 0.904115 6.37013
91 0.878683 0.903193 6.44093
92 0.878238 0.901632 6.5056
93 0.878528 0.901101 6.56865
94 0.877734 0.899414 6.63221
95 0.878451 0.89806 6.69562
96 0.878644 0.89725 6.76115
97 0.878625 0.896118 6.82649
98 0.878238 0.895202 6.89727
99 0.878412 0.893977 6.96307
100 0.877696 0.893134 7.02198
